# unix_time, cycles_done, cur_path, paths_total, pending_total, pending_favs, map_size, unique_crashes, unique_hangs, max_depth, execs_per_sec, total_mutation, interest_mutation, increase_mutation
1699347414, 0, 0, 1, 1, 1, 1.14%, 0, 0, 1, 533.33, 0, 0, 0
1699347420, 0, 0, 40, 40, 1, 1.71%, 0, 0, 2, 574.90, 2566, 39, 34
1699347425, 0, 0, 47, 47, 1, 1.73%, 0, 0, 2, 577.84, 5416, 46, 40
1699347430, 0, 0, 48, 48, 1, 1.73%, 0, 0, 2, 593.53, 8401, 47, 40
1699347435, 0, 0, 52, 52, 1, 1.74%, 0, 0, 2, 584.50, 11283, 51, 42
1699347450, 0, 0, 54, 54, 1, 1.75%, 0, 0, 2, 578.83, 19907, 53, 44
1699347455, 0, 0, 67, 67, 1, 1.80%, 0, 0, 2, 587.60, 22800, 66, 55
1699347475, 0, 0, 71, 71, 1, 1.81%, 0, 0, 2, 587.32, 34805, 70, 58
1699347480, 0, 0, 73, 73, 1, 1.81%, 0, 0, 2, 564.19, 37621, 72, 59
1699347491, 0, 0, 76, 76, 1, 1.81%, 0, 0, 2, 576.79, 43465, 75, 60
1699347506, 0, 0, 81, 81, 1, 1.82%, 0, 0, 2, 598.70, 52354, 80, 61
1699347511, 0, 0, 83, 83, 1, 1.83%, 0, 0, 2, 579.16, 55329, 82, 63
1699347516, 0, 0, 133, 133, 1, 1.97%, 0, 0, 2, 600.61, 57860, 132, 97
1699347521, 0, 0, 200, 200, 1, 2.02%, 0, 0, 2, 632.31, 60659, 199, 122
1699347526, 0, 0, 223, 223, 1, 2.05%, 0, 0, 2, 633.93, 63707, 222, 134
1699347531, 0, 0, 228, 228, 1, 2.05%, 0, 0, 2, 659.27, 67112, 227, 134
1699347536, 0, 0, 240, 240, 1, 2.07%, 0, 0, 2, 665.03, 70323, 239, 141
1699347541, 0, 0, 244, 244, 1, 2.08%, 0, 0, 2, 673.85, 73651, 243, 143
1699347547, 0, 0, 245, 245, 1, 2.14%, 0, 0, 2, 670.47, 77018, 244, 144
1699347552, 0, 0, 251, 251, 1, 2.14%, 0, 0, 2, 666.14, 80268, 250, 147
1699347557, 0, 0, 256, 256, 1, 2.15%, 0, 0, 2, 663.40, 83583, 255, 151
1699347562, 0, 0, 258, 258, 1, 2.15%, 0, 0, 2, 664.42, 86898, 257, 152
1699347567, 0, 0, 261, 261, 1, 2.16%, 0, 0, 2, 671.41, 90226, 260, 154
1699347572, 0, 12, 262, 261, 90, 2.16%, 0, 0, 2, 608.99, 93183, 261, 154
1699347653, 0, 12, 263, 262, 90, 2.16%, 0, 0, 3, 632.42, 140815, 262, 154
1699347658, 0, 12, 265, 264, 90, 2.16%, 0, 0, 3, 666.79, 144187, 264, 154
1699347663, 0, 12, 266, 265, 90, 2.16%, 0, 0, 3, 664.09, 147528, 265, 154
1699347668, 0, 12, 269, 268, 90, 2.16%, 0, 0, 3, 672.79, 150856, 268, 156
1699347673, 0, 12, 270, 269, 90, 2.16%, 0, 0, 3, 661.95, 154197, 269, 157
1699347678, 0, 12, 272, 271, 90, 2.17%, 0, 0, 3, 649.44, 157495, 271, 158
1699347683, 0, 12, 275, 274, 90, 2.17%, 0, 0, 3, 671.79, 160866, 274, 158
1699347688, 0, 12, 277, 276, 90, 2.17%, 0, 0, 3, 667.75, 164175, 276, 159
1699347693, 0, 12, 280, 279, 90, 2.17%, 0, 0, 3, 672.14, 167548, 279, 160
1699347699, 0, 12, 281, 280, 90, 2.17%, 0, 0, 3, 671.69, 170928, 280, 160
1699347704, 0, 14, 281, 279, 91, 2.17%, 0, 0, 3, 620.62, 173919, 280, 160
1699347739, 0, 14, 282, 280, 91, 2.17%, 0, 0, 3, 581.00, 194494, 281, 161
1699347795, 0, 16, 283, 280, 91, 2.17%, 0, 0, 3, 629.47, 227073, 282, 161
1699347840, 0, 16, 285, 282, 91, 2.17%, 0, 0, 3, 665.61, 255932, 284, 163
1699347845, 0, 17, 285, 281, 92, 2.17%, 0, 0, 3, 622.81, 258920, 284, 163
1699347860, 0, 17, 286, 282, 92, 2.17%, 0, 0, 3, 642.84, 268463, 285, 163
1699347891, 0, 17, 287, 283, 92, 2.17%, 0, 0, 3, 635.57, 287162, 286, 163
1699347896, 0, 17, 288, 284, 92, 2.18%, 0, 0, 3, 664.22, 290524, 287, 164
1699347901, 0, 20, 288, 283, 90, 2.18%, 0, 0, 3, 595.74, 293312, 287, 164
1699347997, 0, 20, 290, 285, 90, 2.18%, 0, 0, 3, 584.13, 348620, 289, 164
1699348002, 0, 26, 290, 284, 90, 2.18%, 0, 0, 3, 653.16, 351866, 289, 164
1699348032, 0, 29, 290, 283, 89, 2.18%, 0, 0, 3, 623.39, 371604, 289, 164
1699348037, 0, 29, 291, 284, 89, 2.18%, 0, 0, 3, 602.00, 374588, 290, 165
1699348047, 0, 29, 292, 285, 89, 2.18%, 0, 0, 3, 614.71, 380691, 291, 166
1699348063, 0, 29, 294, 287, 89, 2.19%, 0, 0, 3, 613.40, 389883, 293, 168
1699348068, 0, 29, 298, 291, 89, 2.21%, 0, 0, 3, 562.19, 392631, 297, 172
1699348119, 0, 29, 299, 292, 89, 2.21%, 0, 0, 3, 600.93, 423005, 298, 173
1699348124, 0, 35, 299, 291, 97, 2.21%, 0, 0, 3, 626.01, 426130, 298, 173
1699348159, 0, 42, 299, 290, 96, 2.21%, 0, 0, 3, 677.00, 449329, 298, 173
1699348175, 0, 42, 300, 291, 96, 2.21%, 0, 0, 3, 662.75, 459684, 299, 173
1699348200, 0, 52, 301, 291, 96, 2.21%, 0, 0, 3, 631.94, 475746, 300, 173
1699348292, 0, 53, 301, 290, 95, 2.21%, 0, 0, 3, 592.04, 529076, 300, 173
1699348383, 0, 53, 302, 291, 95, 2.21%, 0, 0, 3, 633.35, 582357, 301, 173
1699348388, 0, 56, 302, 290, 94, 2.21%, 0, 0, 3, 604.87, 585265, 301, 173
1699348486, 0, 60, 303, 290, 93, 2.21%, 0, 0, 3, 627.28, 642192, 302, 173
1699348526, 0, 61, 305, 291, 92, 2.21%, 0, 0, 3, 662.96, 668440, 304, 174
1699348542, 0, 61, 306, 292, 92, 2.22%, 0, 0, 3, 657.03, 678419, 305, 175
1699348567, 0, 62, 306, 291, 92, 2.22%, 0, 0, 3, 663.11, 694695, 305, 175
1699348582, 0, 62, 307, 292, 92, 2.22%, 0, 0, 3, 664.88, 704568, 306, 175
1699348607, 0, 66, 307, 291, 92, 2.22%, 0, 0, 3, 634.20, 720661, 306, 175
1699348648, 0, 66, 308, 292, 92, 2.22%, 0, 0, 3, 661.13, 747223, 307, 175
1699348653, 0, 69, 308, 291, 91, 2.22%, 0, 0, 3, 687.70, 750595, 307, 175
1699348689, 0, 80, 308, 290, 90, 2.22%, 0, 0, 3, 681.72, 774145, 307, 175
1699348719, 0, 81, 309, 290, 89, 2.22%, 0, 0, 3, 635.49, 794265, 308, 176
1699348780, 0, 81, 310, 291, 89, 2.22%, 0, 0, 3, 550.32, 828271, 309, 177
1699348806, 0, 81, 313, 294, 89, 2.23%, 0, 0, 3, 621.96, 842408, 312, 178
1699348811, 0, 82, 313, 293, 90, 2.23%, 0, 0, 3, 577.99, 845229, 312, 178
1699348866, 0, 82, 314, 294, 90, 2.23%, 0, 0, 3, 572.36, 875902, 313, 179
1699348897, 0, 83, 314, 293, 90, 2.23%, 0, 0, 3, 726.57, 894098, 313, 179
1699348922, 0, 85, 314, 292, 89, 2.23%, 0, 0, 3, 656.34, 911635, 313, 179
1699349008, 0, 85, 315, 293, 89, 2.23%, 0, 0, 3, 636.27, 967157, 314, 179
1699349013, 0, 87, 315, 292, 88, 2.23%, 0, 0, 3, 626.70, 970114, 314, 179
1699349019, 0, 87, 316, 293, 88, 2.23%, 0, 0, 3, 642.27, 973470, 315, 180
1699349024, 0, 87, 317, 294, 88, 2.24%, 0, 0, 3, 640.73, 976675, 316, 181
1699349110, 0, 100, 317, 293, 90, 2.24%, 0, 0, 3, 608.27, 1030952, 316, 181
1699349195, 0, 102, 317, 292, 89, 2.24%, 0, 0, 3, 558.40, 1077930, 316, 181
1699349281, 0, 103, 317, 291, 88, 2.24%, 0, 0, 3, 582.31, 1125540, 316, 181
1699349362, 0, 107, 317, 290, 88, 2.24%, 0, 0, 3, 583.81, 1170190, 316, 181
1699349449, 0, 119, 317, 289, 87, 2.24%, 0, 0, 3, 764.36, 1219322, 316, 181
1699349459, 0, 120, 317, 288, 86, 2.24%, 0, 0, 3, 769.76, 1227028, 316, 181
1699349475, 0, 129, 317, 287, 85, 2.24%, 0, 0, 3, 714.59, 1238250, 316, 181
1699349495, 0, 130, 317, 286, 84, 2.24%, 0, 0, 3, 674.17, 1252458, 316, 181
1699349515, 0, 139, 317, 285, 82, 2.24%, 0, 0, 3, 696.29, 1265876, 316, 181
1699349535, 0, 146, 317, 284, 81, 2.24%, 0, 0, 3, 639.60, 1279678, 316, 181
1699349571, 0, 146, 319, 286, 81, 2.24%, 0, 0, 3, 638.58, 1300266, 318, 182
1699349576, 0, 148, 319, 285, 81, 2.24%, 0, 0, 3, 664.69, 1303669, 318, 182
1699349586, 0, 148, 320, 286, 81, 2.26%, 0, 0, 3, 673.68, 1310586, 319, 183
1699349602, 0, 149, 320, 285, 80, 2.26%, 0, 0, 3, 694.52, 1320875, 319, 183
1699349617, 0, 152, 320, 284, 79, 2.26%, 0, 0, 3, 679.44, 1331247, 319, 183
1699349632, 0, 154, 320, 283, 78, 2.26%, 0, 0, 3, 644.63, 1341182, 319, 183
1699349673, 0, 155, 320, 282, 77, 2.26%, 0, 0, 3, 677.04, 1364775, 319, 183
1699349678, 0, 161, 320, 281, 76, 2.26%, 0, 0, 3, 771.91, 1368717, 319, 183
1699349688, 0, 163, 320, 280, 75, 2.26%, 0, 0, 3, 623.80, 1375451, 319, 183
1699349774, 0, 163, 322, 282, 75, 2.26%, 0, 0, 3, 625.76, 1428058, 321, 184
1699349779, 0, 163, 323, 283, 75, 2.26%, 0, 0, 3, 623.41, 1431262, 322, 184
1699349784, 0, 163, 328, 288, 75, 2.26%, 0, 0, 3, 628.20, 1434325, 327, 184
1699349789, 0, 163, 330, 290, 75, 2.26%, 0, 0, 3, 651.29, 1437640, 329, 185
1699349794, 0, 163, 332, 292, 75, 2.26%, 0, 0, 3, 659.76, 1440955, 331, 185
1699349799, 0, 163, 334, 294, 75, 2.27%, 0, 0, 3, 638.31, 1444177, 333, 186
1699349814, 0, 163, 336, 296, 75, 2.27%, 0, 0, 3, 653.77, 1454111, 335, 186
1699349835, 0, 166, 336, 295, 74, 2.27%, 0, 0, 3, 657.49, 1467165, 335, 186
1699349850, 0, 167, 336, 294, 73, 2.27%, 0, 0, 3, 761.32, 1478097, 335, 186
1699349860, 0, 176, 336, 293, 72, 2.27%, 0, 0, 3, 785.79, 1485915, 335, 186
1699349885, 0, 179, 336, 292, 71, 2.27%, 0, 0, 3, 581.79, 1503656, 335, 186
1699349962, 0, 180, 336, 291, 70, 2.27%, 0, 0, 3, 578.82, 1545942, 335, 186
1699349988, 0, 182, 336, 290, 69, 2.27%, 0, 0, 3, 625.65, 1560621, 335, 186
1699350003, 0, 182, 337, 291, 69, 2.28%, 0, 0, 3, 641.43, 1570656, 336, 187
1699350023, 0, 182, 338, 292, 69, 2.28%, 0, 0, 3, 655.44, 1583862, 337, 187
1699350028, 0, 190, 339, 292, 68, 2.28%, 0, 0, 3, 617.62, 1586928, 338, 187
1699350068, 0, 190, 340, 293, 68, 2.28%, 0, 0, 3, 601.77, 1609769, 339, 187
1699350074, 0, 194, 340, 292, 67, 2.28%, 0, 0, 3, 630.99, 1612937, 339, 187
1699350084, 0, 194, 341, 293, 67, 2.28%, 0, 0, 3, 634.41, 1619333, 340, 188
1699350104, 0, 195, 341, 292, 66, 2.28%, 0, 0, 3, 646.46, 1632486, 340, 188
1699350109, 0, 195, 342, 293, 66, 2.28%, 0, 0, 3, 662.06, 1635794, 341, 188
1699350124, 0, 195, 343, 294, 66, 2.28%, 0, 0, 3, 676.96, 1645971, 342, 188
1699350129, 0, 199, 343, 293, 65, 2.28%, 0, 0, 3, 698.07, 1649498, 342, 188
1699350144, 0, 208, 343, 292, 64, 2.28%, 0, 0, 3, 679.72, 1659787, 342, 188
1699350160, 0, 214, 343, 290, 62, 2.28%, 0, 0, 3, 755.16, 1670703, 342, 188
1699350165, 0, 214, 345, 292, 62, 2.28%, 0, 0, 3, 679.31, 1674044, 344, 189
1699350180, 0, 214, 346, 293, 62, 2.28%, 0, 0, 3, 654.13, 1683972, 345, 189
1699350185, 0, 217, 346, 292, 63, 2.28%, 0, 0, 3, 633.45, 1687036, 345, 189
1699350286, 0, 218, 346, 291, 62, 2.28%, 0, 0, 3, 666.38, 1749254, 345, 189
1699350312, 0, 219, 346, 290, 61, 2.28%, 0, 0, 3, 691.14, 1766224, 345, 189
1699350337, 0, 220, 346, 289, 60, 2.28%, 0, 0, 3, 697.21, 1784107, 345, 189
1699350363, 0, 226, 346, 288, 59, 2.28%, 0, 0, 3, 654.70, 1801490, 345, 189
1699350445, 0, 226, 347, 289, 59, 2.28%, 0, 0, 3, 640.64, 1853893, 346, 189
1699350455, 0, 228, 347, 288, 58, 2.28%, 0, 0, 3, 610.77, 1860172, 346, 189
1699350547, 0, 230, 347, 287, 57, 2.28%, 0, 0, 3, 612.34, 1912442, 346, 189
1699350567, 0, 238, 347, 285, 55, 2.28%, 0, 0, 3, 792.66, 1928286, 346, 189
1699350572, 0, 246, 347, 284, 54, 2.28%, 0, 0, 3, 696.64, 1931633, 346, 189
1699350678, 0, 250, 347, 283, 53, 2.28%, 0, 0, 3, 633.61, 2000645, 346, 189
1699350723, 0, 251, 347, 282, 52, 2.28%, 0, 0, 3, 649.10, 2030906, 346, 189
1699350733, 0, 251, 348, 283, 52, 2.29%, 0, 0, 3, 627.63, 2037217, 347, 190
1699350749, 0, 251, 349, 284, 52, 2.29%, 0, 0, 3, 596.91, 2046772, 348, 191
1699350754, 0, 252, 350, 284, 53, 2.29%, 0, 0, 3, 632.08, 2049770, 349, 192
1699350759, 0, 252, 351, 285, 53, 2.29%, 0, 0, 3, 658.62, 2053108, 350, 193
1699350795, 0, 252, 353, 287, 53, 2.29%, 0, 0, 3, 595.94, 2073586, 352, 193
1699350800, 0, 253, 353, 286, 51, 2.29%, 0, 0, 3, 618.56, 2076590, 352, 193
1699350815, 0, 254, 353, 285, 50, 2.29%, 0, 0, 3, 665.64, 2086601, 352, 193
1699350845, 0, 258, 354, 285, 49, 2.29%, 0, 0, 3, 641.09, 2106432, 353, 193
1699350881, 0, 262, 354, 284, 47, 2.29%, 0, 0, 3, 645.59, 2128753, 353, 193
1699350886, 0, 262, 355, 285, 47, 2.29%, 0, 0, 4, 606.90, 2131765, 354, 193
1699350896, 0, 262, 358, 288, 47, 2.29%, 0, 0, 4, 628.17, 2138110, 357, 193
1699350921, 0, 268, 358, 287, 46, 2.29%, 0, 0, 4, 613.60, 2154140, 357, 193
1699350962, 0, 268, 362, 291, 46, 2.29%, 0, 0, 4, 563.68, 2177402, 361, 193
1699350967, 0, 268, 367, 296, 46, 2.29%, 0, 0, 4, 603.46, 2180570, 366, 193
1699350972, 0, 268, 369, 298, 46, 2.29%, 0, 0, 4, 607.10, 2183630, 368, 193
1699350977, 0, 268, 370, 299, 46, 2.29%, 0, 0, 4, 581.20, 2186631, 369, 193
1699350997, 0, 268, 371, 300, 46, 2.29%, 0, 0, 4, 650.70, 2199409, 370, 193
1699351007, 0, 268, 372, 301, 46, 2.29%, 0, 0, 4, 645.62, 2205878, 371, 193
1699351018, 0, 273, 372, 300, 46, 2.29%, 0, 0, 4, 624.72, 2212210, 371, 193
1699351023, 0, 273, 373, 301, 46, 2.29%, 0, 0, 4, 617.07, 2215313, 372, 193
1699351028, 0, 273, 374, 302, 46, 2.29%, 0, 0, 4, 624.42, 2218452, 373, 194
1699351033, 0, 273, 375, 303, 46, 2.30%, 0, 0, 4, 481.44, 2220777, 374, 195
1699351058, 0, 273, 377, 305, 46, 2.30%, 0, 0, 4, 462.39, 2231949, 376, 196
1699351074, 0, 275, 377, 304, 49, 2.30%, 0, 0, 4, 608.48, 2239801, 376, 196
1699351104, 0, 275, 379, 306, 49, 2.31%, 0, 0, 4, 669.39, 2259772, 378, 198
1699351109, 0, 275, 380, 307, 49, 2.31%, 0, 0, 4, 667.05, 2263113, 379, 199
1699351190, 0, 278, 380, 306, 51, 2.31%, 0, 0, 4, 655.73, 2313285, 379, 199
1699351225, 0, 278, 381, 307, 51, 2.31%, 0, 0, 4, 624.17, 2336458, 380, 199
1699351230, 0, 281, 381, 306, 50, 2.31%, 0, 0, 4, 576.69, 2339237, 380, 199
1699351352, 0, 284, 382, 306, 49, 2.31%, 0, 0, 4, 638.29, 2407517, 381, 199
1699351357, 0, 284, 383, 307, 49, 2.31%, 0, 0, 4, 637.19, 2410736, 382, 199
1699351362, 0, 284, 385, 309, 49, 2.31%, 0, 0, 4, 662.82, 2414187, 384, 200
1699351393, 0, 284, 386, 310, 49, 2.32%, 0, 0, 4, 615.66, 2433559, 385, 201
1699351398, 0, 286, 386, 309, 50, 2.32%, 0, 0, 4, 580.17, 2436330, 385, 201
1699351423, 0, 287, 386, 308, 49, 2.32%, 0, 0, 4, 645.69, 2451834, 385, 201
1699351464, 0, 288, 386, 307, 48, 2.32%, 0, 0, 4, 608.30, 2477127, 385, 201
1699351504, 0, 288, 387, 308, 48, 2.32%, 0, 0, 4, 549.09, 2499886, 386, 201
1699351585, 0, 290, 387, 307, 47, 2.32%, 0, 0, 4, 632.08, 2546115, 386, 201
1699351691, 0, 291, 387, 306, 46, 2.32%, 0, 0, 4, 624.10, 2614504, 386, 201
1699351696, 0, 291, 388, 307, 46, 2.32%, 0, 0, 4, 620.54, 2617627, 387, 201
1699351732, 0, 291, 389, 308, 46, 2.32%, 0, 0, 4, 585.86, 2638310, 388, 201
1699351747, 0, 292, 389, 307, 45, 2.32%, 0, 0, 4, 583.37, 2647999, 388, 201
1699351778, 0, 292, 390, 308, 45, 2.33%, 0, 0, 4, 600.27, 2665956, 389, 202
1699351859, 0, 293, 390, 307, 44, 2.33%, 0, 0, 4, 584.71, 2713436, 389, 202
1699351981, 0, 294, 390, 306, 43, 2.33%, 0, 0, 4, 589.57, 2784014, 389, 202
1699352016, 0, 294, 391, 307, 43, 2.33%, 0, 0, 4, 573.44, 2804622, 390, 203
1699352092, 0, 294, 392, 308, 43, 2.33%, 0, 0, 4, 598.10, 2849241, 391, 204
1699352097, 0, 296, 392, 307, 44, 2.33%, 0, 0, 4, 610.72, 2852251, 391, 204
1699352107, 0, 296, 393, 308, 44, 2.33%, 0, 0, 4, 589.86, 2858114, 392, 205
1699352214, 0, 297, 393, 307, 44, 2.33%, 0, 0, 4, 610.62, 2920833, 392, 205
1699352244, 0, 297, 394, 308, 44, 2.33%, 0, 0, 4, 620.77, 2938968, 393, 205
1699352320, 0, 299, 394, 307, 43, 2.33%, 0, 0, 4, 649.17, 2984558, 393, 205
1699352366, 0, 302, 394, 306, 42, 2.33%, 0, 0, 4, 645.70, 3012680, 393, 205
1699352468, 0, 303, 394, 305, 41, 2.33%, 0, 0, 4, 614.51, 3078322, 393, 205
1699352590, 0, 305, 394, 304, 40, 2.33%, 0, 0, 4, 635.22, 3148265, 393, 205
1699352692, 0, 305, 395, 305, 40, 2.33%, 0, 0, 4, 602.43, 3213754, 394, 206
1699352697, 0, 306, 395, 304, 40, 2.33%, 0, 0, 4, 639.46, 3216917, 394, 206
1699352803, 0, 308, 395, 303, 39, 2.33%, 0, 0, 4, 615.41, 3285353, 394, 206
1699352834, 0, 309, 395, 302, 38, 2.33%, 0, 0, 4, 601.13, 3304511, 394, 206
1699352879, 0, 309, 396, 303, 38, 2.33%, 0, 0, 4, 550.35, 3329155, 395, 206
1699352889, 0, 309, 397, 304, 38, 2.34%, 0, 0, 4, 544.97, 3334752, 396, 207
1699352920, 0, 310, 398, 304, 38, 2.34%, 0, 0, 4, 539.89, 3351335, 397, 207
1699352935, 0, 310, 404, 310, 38, 2.35%, 0, 0, 4, 531.95, 3359398, 403, 213
1699352971, 0, 310, 406, 312, 38, 2.35%, 0, 0, 4, 538.15, 3378269, 405, 213
1699353001, 0, 310, 407, 313, 38, 2.35%, 0, 0, 4, 571.48, 3394600, 406, 213
1699353022, 0, 311, 407, 312, 43, 2.35%, 0, 0, 4, 554.57, 3405489, 406, 213
1699353123, 0, 313, 408, 312, 42, 2.35%, 0, 0, 4, 599.70, 3460323, 407, 213
1699353224, 0, 315, 408, 311, 41, 2.35%, 0, 0, 4, 561.46, 3515628, 407, 213
1699353270, 0, 316, 408, 310, 40, 2.35%, 0, 0, 4, 582.11, 3544007, 407, 213
1699353285, 0, 316, 409, 311, 40, 2.35%, 0, 0, 4, 638.00, 3553410, 408, 214
1699353315, 0, 317, 409, 310, 40, 2.35%, 0, 0, 4, 626.69, 3572370, 408, 214
1699353416, 0, 318, 409, 309, 39, 2.35%, 0, 0, 4, 641.97, 3635746, 408, 214
1699353431, 0, 318, 410, 310, 39, 2.35%, 0, 0, 4, 653.25, 3645546, 409, 214
1699353437, 0, 319, 410, 309, 39, 2.35%, 0, 0, 4, 613.71, 3648646, 409, 214
1699353452, 0, 319, 412, 311, 39, 2.35%, 0, 0, 4, 564.42, 3656896, 411, 214
1699353457, 0, 319, 413, 312, 39, 2.35%, 0, 0, 4, 565.91, 3659767, 412, 214
1699353492, 0, 319, 414, 313, 39, 2.35%, 0, 0, 4, 512.49, 3678957, 413, 214
1699353497, 0, 319, 415, 314, 39, 2.35%, 0, 0, 4, 517.78, 3681585, 414, 215
1699353507, 0, 319, 416, 315, 39, 2.35%, 0, 0, 4, 558.94, 3687115, 415, 216
1699353548, 0, 324, 417, 315, 41, 2.35%, 0, 0, 4, 592.73, 3709644, 416, 216
1699353553, 0, 324, 418, 316, 41, 2.35%, 0, 0, 4, 616.86, 3712788, 417, 216
1699353633, 0, 324, 419, 317, 41, 2.35%, 0, 0, 4, 629.85, 3762730, 418, 217
1699353659, 0, 328, 419, 316, 41, 2.35%, 0, 0, 4, 617.53, 3778117, 418, 217
1699353755, 0, 336, 420, 316, 40, 2.35%, 0, 0, 4, 643.96, 3838435, 419, 217
1699353766, 0, 336, 421, 317, 40, 2.36%, 0, 0, 4, 656.64, 3845103, 420, 218
1699353786, 0, 336, 422, 318, 40, 2.36%, 0, 0, 4, 667.25, 3858489, 421, 219
1699353791, 0, 336, 425, 321, 40, 2.36%, 0, 0, 4, 648.13, 3861728, 424, 219
1699353796, 0, 336, 427, 323, 40, 2.36%, 0, 0, 4, 663.21, 3865142, 426, 219
1699353801, 0, 336, 428, 324, 40, 2.36%, 0, 0, 4, 671.45, 3868548, 427, 219
1699353806, 0, 340, 428, 323, 40, 2.36%, 0, 0, 4, 654.70, 3871774, 427, 219
1699353811, 0, 340, 429, 324, 40, 2.36%, 0, 0, 4, 586.60, 3874616, 428, 219
1699353821, 0, 340, 430, 325, 40, 2.36%, 0, 0, 4, 596.49, 3880503, 429, 219
1699353923, 0, 342, 431, 325, 40, 2.36%, 0, 0, 4, 655.90, 3937907, 430, 219
1699353943, 0, 342, 434, 328, 40, 2.36%, 0, 0, 4, 623.71, 3950655, 433, 219
1699353948, 0, 344, 434, 327, 39, 2.36%, 0, 0, 4, 622.72, 3953869, 433, 219
1699353978, 0, 347, 434, 326, 38, 2.36%, 0, 0, 4, 623.76, 3971464, 433, 219
1699353999, 0, 347, 435, 327, 38, 2.36%, 0, 0, 4, 618.34, 3984294, 434, 220
1699354009, 0, 347, 436, 328, 38, 2.36%, 0, 0, 4, 601.14, 3990442, 435, 220
1699354014, 0, 347, 438, 330, 38, 2.36%, 0, 0, 4, 628.60, 3993706, 437, 220
1699354019, 0, 348, 438, 329, 39, 2.36%, 0, 0, 4, 618.58, 3996698, 437, 220
1699354060, 0, 350, 438, 328, 38, 2.36%, 0, 0, 4, 644.90, 4022044, 437, 220
1699354106, 0, 360, 438, 327, 37, 2.36%, 0, 0, 4, 553.16, 4048130, 437, 220
1699354146, 0, 360, 439, 328, 37, 2.36%, 0, 0, 5, 611.16, 4071453, 438, 220
1699354151, 0, 360, 440, 329, 37, 2.36%, 0, 0, 5, 630.43, 4074645, 439, 220
1699354162, 0, 360, 441, 330, 37, 2.36%, 0, 0, 5, 646.53, 4081365, 440, 220
1699354167, 0, 360, 442, 331, 37, 2.36%, 0, 0, 5, 639.86, 4084557, 441, 220
1699354182, 0, 360, 443, 332, 37, 2.36%, 0, 0, 5, 636.88, 4094433, 442, 220
1699354197, 0, 373, 444, 332, 37, 2.36%, 0, 0, 5, 627.03, 4103789, 443, 220
1699354202, 0, 373, 446, 334, 37, 2.37%, 0, 0, 5, 643.50, 4107129, 445, 222
1699354233, 0, 373, 448, 336, 37, 2.37%, 0, 0, 5, 597.89, 4126167, 447, 223
1699354248, 0, 375, 448, 335, 39, 2.37%, 0, 0, 5, 645.73, 4135565, 447, 223
1699354253, 0, 375, 449, 336, 39, 2.37%, 0, 0, 5, 643.27, 4138764, 448, 224
1699354283, 0, 375, 450, 337, 39, 2.38%, 0, 0, 5, 651.48, 4158006, 449, 225
1699354294, 0, 376, 450, 336, 39, 2.38%, 0, 0, 5, 658.84, 4164481, 449, 225
1699354339, 0, 377, 450, 335, 38, 2.38%, 0, 0, 5, 671.29, 4193503, 449, 225
1699354380, 0, 378, 450, 334, 37, 2.38%, 0, 0, 5, 693.82, 4220751, 449, 225
1699354390, 0, 378, 451, 335, 37, 2.38%, 0, 0, 5, 668.82, 4227521, 450, 225
1699354425, 0, 379, 451, 334, 37, 2.38%, 0, 0, 5, 678.57, 4251238, 450, 225
1699354526, 0, 383, 451, 333, 36, 2.38%, 0, 0, 5, 690.98, 4318205, 450, 225
1699354577, 0, 384, 451, 332, 35, 2.38%, 0, 0, 5, 645.83, 4350866, 450, 225
1699354678, 0, 384, 453, 334, 35, 2.39%, 0, 0, 5, 671.08, 4417842, 452, 226
1699354688, 0, 385, 453, 333, 35, 2.39%, 0, 0, 5, 656.07, 4424383, 452, 226
1699354795, 0, 389, 453, 332, 34, 2.39%, 0, 0, 5, 639.24, 4492634, 452, 226
1699354896, 0, 390, 453, 331, 33, 2.39%, 0, 0, 5, 612.62, 4554180, 452, 226
1699355012, 0, 391, 453, 330, 32, 2.39%, 0, 0, 5, 653.71, 4624616, 452, 226
1699355113, 0, 392, 453, 329, 31, 2.39%, 0, 0, 5, 679.79, 4690867, 452, 226
1699355219, 0, 394, 453, 328, 30, 2.39%, 0, 0, 5, 617.62, 4755610, 452, 226
1699355326, 0, 396, 454, 328, 29, 2.39%, 0, 0, 5, 637.33, 4825518, 453, 226
1699355377, 0, 396, 455, 329, 29, 2.39%, 0, 0, 5, 610.39, 4857262, 454, 226
1699355392, 0, 396, 456, 330, 29, 2.39%, 0, 0, 5, 638.34, 4866560, 455, 226
1699355412, 0, 396, 457, 331, 29, 2.39%, 0, 0, 5, 677.55, 4879867, 456, 226
1699355417, 0, 398, 457, 330, 30, 2.39%, 0, 0, 5, 546.85, 4882482, 456, 226
1699355432, 0, 398, 458, 331, 30, 2.39%, 0, 0, 5, 544.48, 4890549, 457, 227
1699355518, 0, 399, 458, 330, 29, 2.39%, 0, 0, 5, 596.01, 4936824, 457, 227
1699355630, 0, 400, 458, 329, 28, 2.39%, 0, 0, 5, 558.55, 4994958, 457, 227
1699355681, 0, 400, 459, 330, 28, 2.39%, 0, 0, 5, 527.36, 5021327, 458, 228
1699355737, 0, 401, 459, 329, 28, 2.39%, 0, 0, 5, 536.80, 5051372, 458, 228
1699355843, 0, 402, 459, 328, 27, 2.39%, 0, 0, 5, 535.99, 5107206, 458, 228
1699355944, 0, 403, 459, 327, 26, 2.39%, 0, 0, 5, 606.71, 5163017, 458, 228
1699355990, 0, 408, 459, 326, 25, 2.39%, 0, 0, 5, 676.09, 5191153, 458, 228
1699356025, 0, 408, 459, 326, 25, 2.39%, 1, 0, 5, 670.10, 5214507, 458, 228
1699356030, 0, 409, 459, 325, 24, 2.39%, 1, 0, 5, 645.85, 5217712, 458, 228
1699356056, 0, 410, 459, 324, 23, 2.39%, 1, 0, 5, 607.11, 5233899, 458, 228
1699356096, 0, 410, 460, 325, 23, 2.39%, 1, 0, 5, 581.09, 5256859, 459, 228
1699356102, 0, 410, 461, 326, 23, 2.39%, 1, 0, 5, 625.53, 5260146, 460, 228
1699356112, 0, 414, 462, 326, 22, 2.39%, 1, 0, 5, 584.77, 5266173, 461, 229
1699356127, 0, 414, 464, 328, 22, 2.40%, 1, 0, 5, 543.23, 5274681, 463, 231
1699356152, 0, 415, 464, 327, 23, 2.40%, 1, 0, 5, 579.61, 5289426, 463, 231
1699356183, 0, 415, 466, 329, 23, 2.40%, 1, 0, 5, 631.86, 5307288, 465, 231
1699356193, 0, 418, 466, 328, 22, 2.40%, 1, 0, 5, 628.69, 5313720, 465, 231
1699356228, 0, 418, 467, 329, 22, 2.40%, 1, 0, 5, 614.68, 5335888, 466, 232
1699356233, 0, 420, 467, 328, 21, 2.40%, 1, 0, 5, 635.57, 5338996, 466, 232
1699356274, 0, 425, 467, 327, 20, 2.40%, 1, 0, 5, 665.15, 5365639, 466, 232
1699356299, 0, 425, 468, 328, 20, 2.40%, 1, 0, 5, 651.63, 5382216, 467, 233
1699356310, 0, 425, 469, 329, 20, 2.40%, 1, 0, 5, 678.75, 5389074, 468, 233
1699356315, 0, 426, 470, 329, 20, 2.40%, 1, 0, 5, 669.69, 5392323, 469, 233
1699356330, 0, 426, 471, 330, 20, 2.40%, 1, 0, 5, 655.09, 5402365, 470, 233
1699356360, 0, 434, 471, 329, 21, 2.40%, 1, 0, 5, 634.97, 5421759, 470, 233
1699356396, 0, 434, 472, 330, 21, 2.40%, 1, 0, 5, 654.34, 5443941, 471, 233
1699356401, 0, 437, 473, 330, 20, 2.40%, 1, 0, 5, 630.76, 5446977, 472, 234
1699356441, 0, 437, 476, 333, 20, 2.40%, 1, 0, 5, 643.31, 5471779, 475, 234
1699356451, 0, 437, 477, 334, 20, 2.40%, 1, 0, 5, 627.20, 5478319, 476, 234
1699356456, 0, 437, 478, 335, 20, 2.40%, 1, 0, 5, 641.56, 5481487, 477, 234
1699356466, 0, 437, 480, 337, 20, 2.40%, 1, 0, 5, 653.16, 5488062, 479, 234
1699356477, 0, 437, 482, 339, 20, 2.40%, 1, 0, 5, 656.60, 5494679, 481, 234
1699356492, 0, 441, 482, 338, 22, 2.40%, 1, 0, 5, 628.62, 5504222, 481, 234
1699356588, 0, 441, 483, 339, 22, 2.40%, 1, 0, 6, 606.23, 5563849, 482, 234
1699356593, 0, 441, 484, 340, 22, 2.40%, 1, 0, 6, 629.96, 5567006, 483, 234
1699356598, 0, 441, 487, 343, 22, 2.40%, 1, 0, 6, 653.67, 5570315, 486, 234
1699356608, 0, 441, 488, 344, 22, 2.40%, 1, 0, 6, 659.09, 5576971, 487, 234
1699356613, 0, 441, 491, 347, 22, 2.40%, 1, 0, 6, 654.57, 5580247, 490, 234
1699356618, 0, 441, 494, 350, 22, 2.40%, 1, 0, 6, 666.22, 5583562, 493, 234
1699356633, 0, 441, 495, 351, 22, 2.40%, 1, 0, 6, 662.93, 5593793, 494, 234
1699356643, 0, 444, 495, 350, 22, 2.40%, 1, 0, 6, 663.84, 5600301, 494, 234
1699356689, 0, 445, 495, 349, 21, 2.40%, 1, 0, 6, 640.61, 5630365, 494, 234
1699356735, 0, 447, 495, 348, 20, 2.40%, 1, 0, 6, 649.36, 5659583, 494, 234
1699356740, 0, 447, 496, 349, 20, 2.40%, 1, 0, 6, 631.78, 5662743, 495, 234
1699356780, 0, 449, 496, 348, 20, 2.40%, 1, 0, 6, 677.61, 5689115, 495, 234
1699356785, 0, 449, 497, 349, 20, 2.40%, 1, 0, 6, 692.96, 5692631, 496, 234
1699356826, 0, 450, 497, 348, 20, 2.40%, 1, 0, 6, 676.11, 5719617, 496, 234
1699356866, 0, 451, 498, 348, 19, 2.40%, 1, 0, 6, 669.85, 5746620, 497, 235
1699356897, 0, 454, 499, 348, 19, 2.40%, 1, 0, 6, 637.90, 5765994, 498, 236
1699356943, 0, 456, 499, 347, 19, 2.40%, 1, 0, 6, 635.25, 5794257, 498, 236
1699356953, 0, 456, 500, 348, 19, 2.40%, 1, 0, 6, 634.12, 5800680, 499, 236
1699356983, 0, 458, 500, 347, 19, 2.40%, 1, 0, 6, 577.04, 5819891, 499, 236
1699357059, 0, 458, 501, 348, 19, 2.41%, 1, 0, 6, 568.04, 5861019, 500, 237
1699357085, 0, 461, 501, 347, 19, 2.41%, 1, 0, 6, 639.33, 5874755, 500, 237
1699357120, 0, 462, 501, 346, 18, 2.41%, 1, 0, 6, 667.34, 5897863, 500, 237
1699357150, 0, 462, 502, 347, 18, 2.41%, 1, 0, 6, 677.37, 5918167, 501, 237
1699357155, 0, 463, 502, 346, 18, 2.41%, 1, 0, 6, 676.89, 5921470, 501, 237
1699357186, 0, 463, 503, 347, 18, 2.41%, 1, 0, 6, 680.68, 5941694, 502, 237
1699357191, 0, 464, 503, 346, 17, 2.41%, 1, 0, 6, 684.16, 5945200, 502, 237
1699357221, 0, 465, 503, 345, 16, 2.41%, 1, 0, 6, 674.80, 5965316, 502, 237
1699357236, 0, 465, 504, 346, 16, 2.41%, 1, 0, 6, 659.86, 5975434, 503, 237
1699357246, 0, 466, 505, 346, 15, 2.41%, 1, 0, 6, 637.11, 5981849, 504, 237
1699357252, 0, 466, 506, 347, 15, 2.41%, 1, 0, 6, 608.88, 5984980, 505, 237
1699357267, 0, 466, 507, 348, 15, 2.41%, 1, 0, 6, 625.08, 5994436, 506, 237
1699357292, 0, 466, 508, 349, 15, 2.41%, 1, 0, 6, 632.17, 6010098, 507, 237
1699357297, 0, 467, 508, 348, 15, 2.41%, 1, 0, 6, 646.59, 6013350, 507, 237
1699357307, 0, 467, 509, 349, 15, 2.41%, 1, 0, 6, 643.64, 6019940, 508, 238
1699357333, 0, 469, 510, 349, 15, 2.41%, 1, 0, 6, 662.59, 6036074, 509, 238
1699357348, 0, 469, 511, 350, 15, 2.41%, 1, 0, 6, 645.81, 6045826, 510, 238
1699357378, 0, 469, 512, 351, 15, 2.41%, 1, 0, 6, 656.45, 6065673, 511, 238
1699357383, 0, 473, 513, 351, 15, 2.41%, 1, 0, 6, 644.35, 6068827, 512, 238
1699357434, 0, 473, 514, 352, 15, 2.41%, 1, 0, 6, 662.55, 6101130, 513, 238
1699357439, 0, 481, 515, 352, 15, 2.42%, 1, 0, 6, 621.61, 6104115, 514, 239
1699357474, 0, 486, 515, 351, 15, 2.42%, 1, 0, 6, 584.88, 6125778, 514, 239
1699357520, 0, 486, 516, 352, 15, 2.42%, 1, 0, 7, 632.52, 6154194, 515, 239
1699357530, 0, 486, 517, 353, 15, 2.42%, 1, 0, 7, 649.80, 6160760, 516, 239
1699357536, 0, 486, 519, 355, 15, 2.42%, 1, 0, 7, 660.79, 6164178, 518, 239
1699357551, 0, 486, 520, 356, 15, 2.42%, 1, 0, 7, 657.30, 6174175, 519, 239
1699357556, 0, 486, 521, 357, 15, 2.42%, 1, 0, 7, 655.60, 6177477, 520, 239
1699357576, 0, 495, 521, 356, 14, 2.42%, 1, 0, 7, 669.84, 6190641, 520, 239
1699357622, 0, 496, 521, 355, 13, 2.42%, 1, 0, 7, 706.32, 6222128, 520, 239
1699357662, 0, 497, 521, 354, 12, 2.42%, 1, 0, 7, 671.97, 6249754, 520, 239
1699357693, 0, 497, 522, 355, 12, 2.43%, 1, 0, 7, 650.69, 6269316, 521, 240
1699357698, 0, 498, 522, 354, 12, 2.43%, 1, 0, 7, 689.35, 6272738, 521, 240
1699357728, 0, 499, 522, 353, 11, 2.43%, 1, 0, 7, 672.12, 6293298, 521, 240
1699357769, 0, 500, 522, 352, 10, 2.43%, 1, 0, 7, 629.27, 6319278, 521, 240
1699357875, 0, 501, 522, 351, 9, 2.43%, 1, 0, 7, 560.60, 6376339, 521, 240
1699357962, 0, 506, 522, 350, 8, 2.43%, 1, 0, 7, 613.77, 6424012, 521, 240
1699357967, 0, 506, 523, 351, 8, 2.43%, 1, 0, 7, 608.69, 6427048, 522, 240
1699358007, 0, 506, 524, 352, 8, 2.43%, 1, 0, 7, 644.13, 6452100, 523, 241
1699358012, 0, 508, 524, 351, 9, 2.43%, 1, 0, 7, 653.52, 6455316, 523, 241
1699358048, 0, 509, 524, 350, 8, 2.43%, 1, 0, 7, 660.52, 6478506, 523, 241
1699358093, 0, 513, 524, 349, 7, 2.43%, 1, 0, 7, 628.53, 6507829, 523, 241
1699358149, 0, 513, 527, 352, 7, 2.43%, 1, 0, 7, 651.72, 6542809, 526, 241
1699358169, 0, 514, 527, 351, 7, 2.43%, 1, 0, 7, 657.31, 6555903, 526, 241
1699358174, 0, 514, 530, 354, 7, 2.43%, 1, 0, 7, 616.84, 6558920, 529, 243
1699358179, 0, 514, 532, 356, 7, 2.43%, 1, 0, 7, 622.29, 6562017, 531, 245
1699358189, 0, 514, 533, 357, 7, 2.44%, 1, 0, 7, 609.99, 6568147, 532, 246
1699358199, 0, 514, 535, 359, 7, 2.44%, 1, 0, 7, 632.45, 6574476, 534, 246
1699358209, 0, 514, 540, 364, 7, 2.44%, 1, 0, 7, 649.03, 6580874, 539, 247
1699358214, 0, 514, 541, 365, 7, 2.44%, 1, 0, 7, 660.76, 6584215, 540, 247
1699358219, 0, 514, 543, 367, 7, 2.44%, 1, 0, 7, 665.97, 6587530, 542, 248
1699358230, 0, 514, 544, 368, 7, 2.44%, 1, 0, 7, 658.83, 6594199, 543, 249
1699358240, 0, 514, 544, 368, 7, 2.44%, 2, 0, 7, 666.13, 6600998, 543, 249
1699358245, 0, 521, 544, 367, 14, 2.44%, 2, 0, 7, 651.93, 6604120, 543, 249
1699358270, 0, 522, 544, 366, 13, 2.44%, 2, 0, 7, 660.78, 6620553, 543, 249
1699358275, 0, 522, 545, 367, 13, 2.44%, 2, 0, 8, 630.53, 6623554, 544, 249
1699358316, 0, 523, 545, 366, 12, 2.44%, 2, 0, 8, 633.95, 6648581, 544, 249
1699358402, 0, 523, 546, 367, 12, 2.44%, 2, 0, 8, 604.73, 6700714, 545, 250
1699358427, 0, 524, 547, 367, 11, 2.44%, 2, 0, 8, 578.52, 6715915, 546, 250
1699358453, 0, 524, 548, 368, 11, 2.44%, 2, 0, 8, 539.54, 6729690, 547, 250
1699358524, 0, 524, 549, 369, 11, 2.44%, 2, 0, 8, 594.24, 6770677, 548, 250
1699358529, 0, 528, 549, 368, 12, 2.44%, 2, 0, 8, 603.31, 6773673, 548, 250
1699358570, 0, 531, 550, 368, 11, 2.44%, 2, 0, 8, 581.54, 6798350, 549, 251
1699358575, 0, 531, 551, 369, 11, 2.45%, 2, 0, 8, 555.29, 6801101, 550, 252
1699358665, 0, 531, 553, 371, 11, 2.45%, 3, 0, 8, 550.97, 6849892, 552, 252
1699358671, 0, 531, 555, 373, 11, 2.45%, 4, 0, 8, 563.52, 6852829, 554, 252
1699358701, 0, 531, 555, 373, 11, 2.45%, 5, 0, 8, 634.66, 6871260, 554, 252
1699358716, 0, 535, 555, 372, 13, 2.45%, 5, 0, 8, 604.12, 6880484, 554, 252
1699358721, 0, 535, 556, 373, 13, 2.45%, 5, 0, 8, 575.19, 6883353, 555, 252
1699358761, 0, 535, 558, 375, 13, 2.45%, 5, 0, 8, 602.68, 6906117, 557, 252
1699358766, 0, 535, 559, 376, 13, 2.45%, 6, 0, 8, 623.75, 6909256, 558, 252
1699358771, 0, 535, 560, 377, 13, 2.45%, 6, 0, 8, 621.13, 6912388, 559, 252
1699358777, 0, 535, 560, 377, 13, 2.45%, 7, 0, 8, 616.70, 6915508, 559, 252
1699358782, 0, 535, 561, 378, 13, 2.45%, 8, 0, 8, 621.94, 6918664, 560, 252
1699358792, 0, 535, 562, 379, 13, 2.45%, 8, 0, 8, 588.49, 6924586, 561, 252
1699358807, 0, 535, 562, 379, 13, 2.45%, 9, 0, 8, 621.76, 6933868, 561, 252
1699358817, 0, 537, 562, 378, 12, 2.45%, 10, 0, 8, 620.28, 6940036, 561, 252
1699358858, 0, 539, 562, 377, 11, 2.45%, 10, 0, 8, 580.13, 6964631, 561, 252
1699358868, 0, 539, 562, 377, 11, 2.45%, 11, 0, 8, 540.06, 6969996, 561, 252
1699358878, 0, 539, 563, 378, 11, 2.45%, 11, 0, 8, 567.71, 6975491, 562, 253
1699358893, 0, 542, 563, 377, 11, 2.45%, 11, 0, 8, 622.54, 6984664, 562, 253
1699358898, 0, 542, 564, 378, 11, 2.45%, 11, 0, 8, 627.68, 6987911, 563, 254
1699358924, 0, 543, 564, 377, 11, 2.45%, 11, 0, 8, 609.46, 7003668, 563, 254
1699358944, 0, 543, 565, 378, 11, 2.45%, 11, 0, 8, 541.48, 7014655, 564, 255
1699358969, 0, 546, 565, 377, 11, 2.45%, 11, 0, 8, 547.96, 7028631, 564, 255
1699359071, 0, 547, 565, 376, 10, 2.45%, 11, 0, 8, 597.07, 7085428, 564, 255
1699359127, 0, 549, 567, 377, 9, 2.45%, 11, 0, 9, 579.02, 7117534, 566, 255
1699359173, 0, 549, 568, 378, 9, 2.45%, 11, 0, 9, 613.38, 7143529, 567, 255
1699359178, 0, 549, 569, 379, 9, 2.45%, 11, 0, 9, 625.88, 7146673, 568, 255
1699359183, 0, 549, 570, 380, 9, 2.45%, 12, 0, 9, 628.73, 7149829, 569, 255
1699359208, 0, 550, 570, 379, 9, 2.45%, 12, 0, 9, 562.27, 7165202, 569, 255
1699359259, 0, 553, 570, 378, 8, 2.45%, 12, 0, 9, 556.21, 7192712, 569, 255
1699359351, 0, 553, 571, 379, 8, 2.45%, 12, 0, 9, 546.24, 7243176, 570, 255
1699359361, 0, 562, 572, 379, 8, 2.45%, 12, 0, 9, 610.85, 7249212, 571, 256
1699359371, 0, 562, 572, 379, 8, 2.45%, 13, 0, 9, 621.89, 7255558, 571, 256
1699359386, 0, 563, 572, 378, 8, 2.45%, 13, 0, 9, 585.12, 7263887, 571, 256
1699359417, 0, 564, 572, 377, 7, 2.45%, 13, 0, 9, 630.22, 7283019, 571, 256
1699359447, 0, 566, 573, 377, 6, 2.45%, 13, 0, 10, 566.45, 7302168, 572, 256
1699359488, 0, 566, 574, 378, 6, 2.45%, 13, 0, 10, 587.59, 7324955, 573, 256
1699359498, 0, 568, 575, 378, 7, 2.45%, 15, 0, 10, 564.42, 7330836, 574, 256
1699359503, 0, 568, 576, 379, 7, 2.45%, 15, 0, 10, 552.20, 7333597, 575, 256
1699359513, 0, 568, 576, 379, 7, 2.45%, 16, 0, 10, 523.04, 7339039, 575, 256
1699359594, 0, 570, 577, 379, 7, 2.45%, 18, 0, 10, 598.53, 7383526, 576, 256
1699359639, 0, 570, 579, 381, 7, 2.45%, 18, 0, 10, 624.53, 7411842, 578, 256
1699359644, 0, 570, 580, 382, 7, 2.45%, 18, 0, 10, 639.17, 7415010, 579, 256
1699359650, 0, 570, 581, 383, 7, 2.45%, 18, 0, 10, 644.28, 7418274, 580, 256
1699359655, 0, 570, 582, 384, 7, 2.45%, 18, 0, 10, 658.89, 7421564, 581, 256
1699359660, 0, 570, 583, 385, 7, 2.45%, 18, 0, 10, 666.00, 7424892, 582, 256
1699359675, 0, 571, 583, 384, 6, 2.45%, 18, 0, 10, 634.21, 7434486, 582, 256
1699359700, 0, 574, 583, 383, 5, 2.45%, 18, 0, 10, 588.65, 7450329, 582, 256
1699359740, 0, 574, 584, 384, 5, 2.45%, 18, 0, 11, 591.63, 7472675, 583, 256
1699359745, 0, 574, 584, 384, 5, 2.45%, 21, 0, 11, 608.31, 7475752, 583, 256
1699359750, 0, 575, 584, 383, 4, 2.45%, 21, 0, 11, 570.65, 7478599, 583, 256
1699359796, 0, 577, 584, 382, 3, 2.45%, 22, 0, 11, 597.53, 7503856, 583, 256
1699359842, 1, 21, 584, 381, 2, 2.45%, 22, 0, 11, 663.61, 7531744, 583, 256
1699359877, 1, 244, 584, 380, 1, 2.45%, 22, 0, 11, 675.78, 7555548, 583, 256
1699359978, 1, 343, 584, 379, 1, 2.45%, 22, 0, 11, 644.09, 7617931, 583, 256
1699360003, 1, 352, 584, 378, 0, 2.45%, 22, 0, 11, 619.75, 7633904, 583, 256
1699360008, 1, 352, 585, 379, 0, 2.45%, 22, 0, 11, 613.22, 7636947, 584, 256
1699360089, 1, 352, 587, 381, 0, 2.46%, 22, 0, 11, 532.64, 7684331, 586, 258
1699360110, 1, 352, 589, 383, 0, 2.46%, 22, 0, 11, 515.82, 7694791, 588, 258
1699360120, 1, 395, 589, 382, 1, 2.46%, 22, 0, 11, 538.52, 7700202, 588, 258
1699360161, 1, 395, 590, 383, 1, 2.46%, 22, 0, 11, 550.73, 7722197, 589, 258
1699360201, 1, 395, 591, 384, 1, 2.46%, 22, 0, 11, 591.19, 7744355, 590, 259
1699360206, 1, 395, 592, 385, 1, 2.47%, 22, 0, 11, 619.29, 7747531, 591, 260
1699360211, 1, 395, 593, 386, 1, 2.47%, 22, 0, 11, 618.69, 7750759, 592, 260
1699360242, 1, 511, 593, 385, 3, 2.47%, 22, 0, 11, 639.13, 7770071, 592, 260
1699360257, 1, 511, 594, 386, 3, 2.47%, 22, 0, 11, 637.91, 7779875, 593, 260
1699360283, 1, 511, 595, 387, 3, 2.47%, 22, 0, 11, 647.72, 7796534, 594, 260
1699360288, 1, 511, 596, 388, 3, 2.47%, 22, 0, 11, 636.19, 7799829, 595, 260
1699360293, 1, 511, 597, 389, 3, 2.47%, 22, 0, 11, 673.02, 7803260, 596, 260
1699360298, 1, 511, 599, 391, 3, 2.47%, 22, 0, 11, 686.73, 7806705, 598, 260
1699360303, 1, 511, 600, 392, 3, 2.47%, 22, 0, 11, 690.86, 7810176, 599, 260
1699360313, 1, 511, 602, 394, 3, 2.47%, 22, 0, 11, 691.06, 7817053, 601, 260
1699360338, 1, 532, 602, 393, 3, 2.47%, 22, 0, 11, 644.13, 7834173, 601, 260
1699360374, 1, 587, 604, 394, 3, 2.47%, 22, 0, 11, 384.41, 7851034, 603, 260
1699360379, 1, 587, 606, 396, 3, 2.47%, 22, 0, 11, 357.28, 7852761, 605, 261
1699360384, 1, 587, 607, 397, 3, 2.47%, 22, 0, 11, 337.86, 7854438, 606, 261
1699360429, 1, 587, 608, 398, 3, 2.47%, 22, 0, 11, 340.74, 7870155, 607, 261
1699360435, 1, 587, 609, 399, 3, 2.47%, 22, 0, 11, 339.58, 7871919, 608, 261
1699360465, 1, 587, 610, 400, 3, 2.47%, 22, 0, 11, 349.69, 7882537, 609, 261
1699360470, 1, 587, 611, 401, 3, 2.47%, 22, 0, 11, 399.86, 7884618, 610, 261
1699360546, 1, 587, 612, 402, 3, 2.47%, 22, 0, 11, 500.99, 7915766, 611, 261
1699360551, 1, 587, 613, 403, 3, 2.47%, 22, 0, 11, 608.43, 7919063, 612, 261
1699360586, 1, 590, 613, 402, 4, 2.47%, 22, 0, 11, 647.81, 7941304, 612, 261
1699360627, 1, 591, 613, 401, 3, 2.47%, 22, 0, 11, 729.02, 7966645, 612, 261
1699360668, 1, 591, 615, 403, 3, 2.47%, 22, 0, 11, 744.46, 7997675, 614, 263
1699360683, 1, 602, 615, 402, 4, 2.47%, 22, 0, 11, 598.11, 8008183, 614, 263
1699360688, 1, 602, 617, 404, 4, 2.47%, 22, 0, 11, 501.61, 8010669, 616, 263
1699360784, 1, 613, 617, 403, 3, 2.47%, 22, 0, 11, 701.28, 8060141, 616, 263
1699360825, 1, 614, 617, 402, 2, 2.47%, 22, 0, 11, 746.69, 8090348, 616, 263
1699360871, 1, 616, 617, 401, 1, 2.47%, 22, 0, 11, 617.65, 8124317, 616, 263
1699360876, 1, 616, 619, 403, 1, 2.47%, 22, 0, 11, 537.35, 8126911, 618, 263
1699360957, 1, 616, 620, 404, 1, 2.47%, 22, 0, 11, 532.26, 8169737, 619, 263
1699360967, 1, 617, 620, 403, 1, 2.47%, 22, 0, 11, 567.42, 8175571, 619, 263
1699361059, 1, 617, 622, 405, 1, 2.47%, 22, 0, 11, 540.64, 8223628, 621, 263
1699361064, 1, 617, 624, 407, 1, 2.47%, 22, 0, 11, 595.87, 8226793, 623, 263
1699361069, 1, 617, 625, 408, 1, 2.47%, 22, 0, 11, 600.54, 8229784, 624, 263
1699361089, 1, 617, 626, 409, 1, 2.47%, 22, 0, 11, 644.13, 8242828, 625, 263
1699361100, 1, 621, 627, 409, 1, 2.47%, 22, 0, 11, 554.79, 8248740, 626, 263
1699361222, 1, 621, 628, 410, 1, 2.47%, 22, 0, 11, 484.32, 8307876, 627, 263
1699361232, 1, 621, 632, 414, 1, 2.47%, 22, 0, 11, 563.97, 8313160, 631, 263
1699361242, 1, 621, 633, 415, 1, 2.47%, 22, 0, 11, 580.46, 8319177, 632, 263
1699361257, 1, 621, 634, 416, 1, 2.47%, 22, 0, 11, 586.39, 8328153, 633, 263
1699361262, 1, 625, 634, 415, 0, 2.47%, 22, 0, 11, 501.44, 8330518, 633, 263
1699361349, 1, 625, 635, 416, 0, 2.47%, 22, 0, 11, 488.47, 8372211, 634, 263
1699361389, 1, 627, 635, 415, 0, 2.47%, 22, 0, 11, 534.91, 8393751, 634, 263
1699361521, 1, 628, 635, 414, 0, 2.47%, 22, 0, 11, 608.23, 8460264, 634, 263
1699361607, 1, 628, 636, 415, 0, 2.47%, 22, 0, 11, 657.72, 8513753, 635, 263
1699361612, 1, 628, 637, 416, 0, 2.47%, 22, 0, 11, 662.46, 8517203, 636, 263
1699361622, 1, 628, 638, 417, 0, 2.47%, 22, 0, 11, 647.52, 8523784, 637, 263
1699361627, 1, 628, 639, 418, 0, 2.47%, 22, 0, 11, 654.15, 8527091, 638, 263
1699361642, 1, 630, 639, 417, 0, 2.47%, 22, 0, 11, 562.31, 8536134, 638, 263
1699361754, 1, 631, 639, 416, 0, 2.47%, 22, 0, 11, 527.94, 8594389, 638, 263
1699361759, 1, 631, 640, 417, 0, 2.47%, 22, 0, 11, 490.59, 8596811, 639, 263
1699361926, 1, 631, 641, 418, 0, 2.47%, 22, 0, 11, 398.35, 8666448, 640, 264
1699361951, 1, 631, 644, 421, 0, 2.47%, 22, 0, 11, 394.55, 8675684, 643, 264
1699361957, 1, 631, 645, 422, 0, 2.47%, 22, 0, 11, 420.08, 8677832, 644, 264
1699361962, 1, 631, 646, 423, 0, 2.47%, 22, 0, 11, 445.13, 8680168, 645, 264
1699362002, 1, 631, 647, 424, 0, 2.47%, 22, 0, 11, 458.85, 8698611, 646, 264
1699362013, 1, 640, 647, 423, 1, 2.47%, 22, 0, 11, 432.15, 8702924, 646, 264
1699362018, 1, 640, 648, 424, 1, 2.47%, 22, 0, 11, 401.34, 8704884, 647, 264
1699362211, 1, 640, 649, 425, 1, 2.47%, 22, 0, 11, 390.98, 8781200, 648, 264
1699362216, 1, 640, 650, 426, 1, 2.47%, 22, 0, 11, 439.11, 8783395, 649, 264
1699362221, 1, 640, 651, 427, 1, 2.47%, 22, 0, 11, 447.00, 8785659, 650, 264
1699362256, 1, 640, 652, 428, 1, 2.47%, 22, 0, 11, 449.55, 8801603, 651, 264
1699362276, 1, 647, 652, 427, 2, 2.47%, 22, 0, 11, 410.57, 8810367, 651, 264
1699362281, 1, 647, 653, 428, 2, 2.47%, 22, 0, 12, 385.20, 8812304, 652, 264
1699362398, 1, 647, 654, 429, 2, 2.47%, 22, 0, 12, 403.77, 8856535, 653, 264
1699362484, 1, 647, 656, 431, 2, 2.47%, 22, 0, 12, 451.43, 8890708, 655, 264
1699362494, 1, 647, 657, 432, 2, 2.47%, 22, 0, 12, 465.88, 8895390, 656, 264
1699362519, 1, 648, 657, 431, 2, 2.47%, 22, 0, 12, 408.69, 8906436, 656, 264
1699362529, 1, 648, 659, 433, 2, 2.47%, 22, 0, 12, 390.28, 8910235, 658, 264
1699362722, 1, 648, 660, 434, 2, 2.47%, 22, 0, 12, 462.82, 8987811, 659, 264
1699362747, 1, 648, 662, 436, 2, 2.47%, 22, 0, 12, 469.65, 8999628, 661, 264
1699362757, 1, 654, 662, 435, 1, 2.47%, 22, 0, 12, 482.31, 9004254, 661, 264
1699362768, 1, 654, 663, 436, 1, 2.47%, 22, 0, 13, 480.61, 9009075, 662, 264
1699362859, 1, 654, 664, 437, 1, 2.47%, 22, 0, 13, 490.07, 9052808, 663, 264
1699362864, 1, 654, 667, 440, 1, 2.47%, 22, 0, 13, 500.07, 9055316, 666, 264
1699362879, 1, 654, 668, 441, 1, 2.47%, 22, 0, 13, 503.53, 9062806, 667, 264
1699362910, 1, 661, 668, 440, 0, 2.47%, 22, 0, 13, 447.69, 9077544, 667, 264
1699363037, 1, 661, 671, 443, 0, 2.47%, 22, 0, 13, 457.70, 9131788, 670, 265
1699363062, 1, 661, 672, 444, 0, 2.47%, 22, 0, 13, 473.83, 9143821, 671, 265
1699363072, 1, 669, 672, 443, 1, 2.47%, 22, 0, 13, 464.62, 9148510, 671, 265
1699363107, 1, 669, 673, 444, 1, 2.47%, 22, 0, 14, 425.42, 9163743, 672, 265
1699363209, 1, 672, 673, 443, 0, 2.47%, 22, 0, 14, 450.77, 9207941, 672, 265
1699363214, 1, 672, 674, 444, 0, 2.47%, 22, 0, 15, 437.19, 9210097, 673, 265
1699363244, 1, 672, 675, 445, 0, 2.47%, 22, 0, 15, 436.66, 9223161, 674, 265
1699363295, 1, 672, 676, 446, 0, 2.47%, 22, 0, 15, 445.82, 9245512, 675, 265
1699363335, 1, 672, 677, 447, 0, 2.47%, 22, 0, 15, 487.90, 9263449, 676, 265
1699363340, 1, 672, 678, 448, 0, 2.47%, 22, 0, 15, 474.58, 9265843, 677, 265
1699363350, 1, 672, 679, 449, 0, 2.47%, 22, 0, 15, 496.32, 9270856, 678, 265
1699363361, 1, 672, 681, 451, 0, 2.47%, 22, 0, 15, 497.32, 9275977, 680, 265
1699363371, 1, 672, 682, 452, 0, 2.47%, 22, 0, 15, 478.06, 9280783, 681, 265
1699363381, 1, 676, 682, 451, 1, 2.47%, 22, 0, 15, 440.64, 9285153, 681, 265
1699363447, 1, 676, 683, 452, 1, 2.47%, 22, 0, 16, 444.96, 9313112, 682, 265
1699363483, 1, 676, 684, 453, 1, 2.47%, 22, 0, 16, 484.48, 9327974, 683, 265
1699363488, 1, 676, 685, 454, 1, 2.47%, 22, 0, 16, 481.66, 9330404, 684, 265
1699363498, 1, 676, 686, 455, 1, 2.47%, 22, 0, 16, 477.99, 9335309, 685, 265
1699363513, 1, 676, 687, 456, 1, 2.47%, 22, 0, 16, 460.47, 9342230, 686, 265
1699363518, 1, 676, 688, 457, 1, 2.47%, 22, 0, 16, 475.90, 9344633, 687, 265
1699363538, 1, 686, 688, 456, 1, 2.47%, 22, 0, 16, 459.34, 9354127, 687, 265
1699363801, 1, 686, 689, 457, 1, 2.47%, 22, 0, 17, 472.35, 9466068, 688, 265
1699363837, 1, 687, 689, 456, 0, 2.47%, 22, 0, 17, 430.36, 9481965, 688, 265
1699363898, 1, 687, 690, 457, 0, 2.47%, 22, 0, 17, 462.42, 9509900, 689, 265
1699363923, 1, 687, 691, 458, 0, 2.47%, 22, 0, 17, 508.41, 9522741, 690, 265
1699363948, 2, 0, 702, 468, 0, 2.49%, 22, 0, 17, 521.52, 9535317, 701, 268
1699363954, 2, 0, 704, 470, 0, 2.49%, 22, 0, 17, 526.25, 9537977, 703, 268
1699363959, 2, 0, 707, 473, 0, 2.49%, 22, 0, 17, 529.42, 9540617, 706, 268
1699363964, 2, 475, 709, 475, 3, 2.49%, 22, 0, 17, 482.60, 9542927, 708, 268
1699364121, 2, 475, 711, 477, 3, 2.49%, 22, 0, 17, 479.67, 9609705, 710, 268
1699364131, 2, 475, 712, 478, 3, 2.49%, 22, 0, 17, 475.06, 9614610, 711, 268
1699364146, 2, 475, 713, 479, 3, 2.49%, 22, 0, 17, 471.80, 9621612, 712, 268
1699364166, 2, 475, 714, 480, 3, 2.49%, 22, 0, 17, 500.74, 9631384, 713, 268
1699364181, 2, 475, 715, 481, 3, 2.49%, 22, 0, 17, 512.09, 9638924, 714, 268
1699364187, 2, 490, 715, 480, 3, 2.49%, 22, 0, 17, 462.18, 9641114, 714, 268
1699364363, 2, 490, 717, 482, 3, 2.49%, 22, 0, 17, 456.64, 9717301, 716, 268
1699364368, 2, 490, 722, 487, 3, 2.49%, 22, 0, 17, 470.62, 9719668, 721, 268
1699364373, 2, 490, 727, 492, 3, 2.49%, 22, 0, 17, 469.18, 9722017, 726, 268
1699364378, 2, 490, 729, 494, 3, 2.49%, 22, 0, 17, 488.17, 9724501, 728, 268
1699364409, 2, 490, 730, 495, 3, 2.49%, 22, 0, 17, 500.30, 9740008, 729, 268
1699364414, 2, 490, 731, 496, 3, 2.49%, 22, 0, 17, 503.05, 9742542, 730, 268
1699364419, 2, 490, 732, 497, 3, 2.49%, 22, 0, 17, 511.61, 9745132, 731, 268
1699364424, 2, 490, 733, 498, 3, 2.49%, 22, 0, 17, 512.50, 9747722, 732, 268
1699364429, 2, 577, 736, 500, 3, 2.49%, 22, 0, 17, 508.43, 9750252, 735, 268
1699364434, 2, 696, 736, 500, 3, 2.49%, 22, 0, 17, 560.95, 9751581, 735, 268
1699364581, 2, 701, 736, 499, 2, 2.49%, 22, 0, 17, 471.00, 9833435, 735, 268
1699367129, 2, 705, 736, 498, 1, 2.49%, 22, 0, 17, 411.03, 10813681, 735, 268
1699369058, 2, 708, 736, 497, 0, 2.49%, 22, 0, 17, 288.21, 11652802, 735, 268
1699374949, 2, 708, 738, 499, 0, 2.49%, 22, 0, 17, 234.18, 13008069, 737, 268
1699374979, 2, 708, 739, 500, 0, 2.49%, 22, 0, 17, 237.59, 13015257, 738, 268
1699375004, 2, 708, 740, 501, 0, 2.49%, 22, 0, 17, 241.79, 13021221, 739, 268
1699375015, 2, 708, 741, 502, 0, 2.49%, 22, 0, 17, 234.68, 13023557, 740, 268
1699375020, 2, 708, 742, 503, 0, 2.49%, 22, 0, 17, 236.04, 13024745, 741, 268
1699375025, 2, 710, 742, 502, 0, 2.49%, 22, 0, 17, 237.06, 13025580, 741, 268
1699378689, 2, 711, 742, 501, 0, 2.49%, 22, 0, 17, 363.86, 13940461, 741, 268
1699379546, 2, 711, 744, 503, 0, 2.49%, 22, 0, 17, 415.24, 14278007, 743, 268
1699379561, 2, 712, 744, 502, 0, 2.49%, 22, 0, 17, 370.78, 14282301, 743, 268
1699379769, 2, 712, 746, 504, 0, 2.49%, 22, 0, 17, 368.67, 14358210, 745, 268
1699380601, 2, 712, 747, 505, 0, 2.49%, 22, 0, 17, 366.70, 14663128, 746, 268
1699380616, 2, 712, 748, 506, 0, 2.49%, 22, 0, 17, 377.29, 14668786, 747, 268
1699380621, 2, 712, 749, 507, 0, 2.49%, 22, 0, 17, 379.45, 14670676, 748, 268
1699380626, 2, 712, 752, 510, 0, 2.49%, 22, 0, 17, 370.90, 14672467, 751, 268
1699380636, 2, 712, 753, 511, 0, 2.49%, 22, 0, 17, 358.94, 14676079, 752, 268
1699380641, 2, 712, 754, 512, 0, 2.49%, 22, 0, 17, 369.53, 14677934, 753, 268
1699380646, 2, 712, 755, 513, 0, 2.49%, 22, 0, 17, 382.43, 14679859, 754, 268
1699380662, 2, 712, 756, 514, 0, 2.49%, 22, 0, 17, 364.21, 14685452, 755, 268
1699380712, 2, 715, 756, 513, 0, 2.49%, 22, 0, 17, 394.14, 14704451, 755, 268
1699380717, 2, 715, 757, 514, 0, 2.53%, 22, 0, 17, 459.53, 14706859, 756, 269
1699380961, 2, 715, 759, 516, 0, 2.53%, 22, 0, 17, 519.56, 14822432, 758, 269
1699380966, 2, 715, 761, 518, 0, 2.53%, 22, 0, 17, 503.90, 14825012, 760, 270
1699380971, 2, 715, 762, 519, 0, 2.53%, 22, 0, 17, 512.91, 14827552, 761, 270
1699380976, 2, 715, 764, 521, 0, 2.53%, 22, 0, 17, 513.80, 14830122, 763, 270
1699380981, 2, 715, 765, 522, 0, 2.53%, 22, 0, 17, 504.44, 14832652, 764, 270
1699380986, 2, 715, 767, 524, 0, 2.53%, 22, 0, 17, 490.21, 14835100, 766, 270
1699380991, 2, 715, 768, 525, 0, 2.53%, 22, 0, 17, 512.81, 14837732, 767, 270
1699380996, 2, 715, 769, 526, 0, 2.53%, 22, 0, 17, 522.71, 14840352, 768, 270
1699381001, 2, 746, 769, 525, 2, 2.53%, 22, 0, 17, 411.21, 14841567, 768, 270
1699381006, 2, 746, 770, 526, 2, 2.53%, 22, 0, 17, 350.76, 14842324, 769, 270
1699381239, 2, 746, 773, 529, 2, 2.53%, 22, 0, 17, 333.47, 14917582, 772, 270
1699381249, 2, 746, 780, 536, 2, 2.53%, 22, 0, 17, 336.88, 14920984, 779, 270
1699381255, 2, 746, 781, 537, 2, 2.53%, 22, 0, 17, 341.00, 14922754, 780, 270
1699381594, 2, 746, 782, 538, 2, 2.53%, 22, 0, 17, 342.03, 15034356, 781, 270
1699381609, 2, 746, 783, 539, 2, 2.53%, 22, 0, 17, 329.40, 15039240, 782, 270
1699381959, 2, 746, 784, 540, 2, 2.53%, 22, 0, 17, 335.07, 15155341, 783, 270
1699382035, 2, 746, 785, 541, 2, 2.53%, 22, 0, 17, 336.21, 15180397, 784, 270
1699382096, 2, 746, 788, 544, 2, 2.53%, 22, 0, 17, 334.37, 15200274, 787, 270
1699382126, 2, 746, 790, 546, 2, 2.53%, 22, 0, 17, 344.14, 15210469, 789, 270
1699382232, 2, 746, 791, 547, 2, 2.53%, 22, 0, 17, 328.73, 15246745, 790, 270
1699382715, 2, 746, 792, 548, 2, 2.53%, 22, 0, 17, 365.10, 15414557, 791, 270
1699382720, 2, 746, 793, 549, 2, 2.53%, 22, 0, 17, 363.21, 15416377, 792, 270
1699382781, 2, 746, 796, 552, 2, 2.53%, 22, 0, 17, 353.79, 15437784, 795, 270
1699382786, 2, 746, 797, 553, 2, 2.53%, 22, 0, 17, 359.70, 15439604, 796, 270
1699382791, 2, 746, 798, 554, 2, 2.53%, 22, 0, 17, 358.99, 15441424, 797, 270
1699382826, 2, 746, 800, 556, 2, 2.53%, 22, 0, 17, 354.88, 15453884, 799, 270
1699382836, 2, 746, 801, 557, 2, 2.53%, 22, 0, 17, 341.39, 15457360, 800, 270
1699382852, 2, 756, 802, 557, 2, 2.53%, 22, 0, 17, 452.67, 15463192, 801, 270
1699382862, 2, 756, 803, 558, 2, 2.54%, 22, 0, 17, 475.51, 15468106, 802, 271
1699382877, 2, 756, 805, 560, 2, 2.55%, 22, 0, 17, 481.35, 15475275, 804, 273
1699382913, 2, 756, 806, 561, 2, 2.55%, 22, 0, 17, 491.83, 15492575, 805, 274
1699382938, 2, 756, 807, 562, 2, 2.55%, 22, 0, 17, 487.58, 15504815, 806, 274
1699382963, 2, 756, 812, 567, 2, 2.55%, 22, 0, 17, 517.61, 15517352, 811, 274
1699382968, 2, 756, 813, 568, 2, 2.55%, 22, 0, 17, 510.79, 15519932, 812, 274
1699383009, 2, 801, 813, 567, 6, 2.55%, 22, 0, 17, 534.15, 15541178, 812, 274
1699383069, 2, 801, 815, 569, 6, 2.55%, 22, 0, 17, 513.85, 15573034, 814, 274
1699383085, 2, 801, 816, 570, 6, 2.55%, 22, 0, 17, 547.35, 15580988, 815, 274
1699383090, 2, 801, 817, 571, 6, 2.55%, 22, 0, 17, 548.24, 15583708, 816, 274
1699383095, 2, 801, 818, 572, 6, 2.55%, 22, 0, 17, 551.41, 15586459, 817, 274
1699383105, 2, 801, 819, 573, 6, 2.55%, 22, 0, 17, 544.77, 15591968, 818, 274
1699383110, 2, 801, 820, 574, 6, 2.55%, 22, 0, 17, 548.81, 15594708, 819, 274
1699383115, 2, 801, 821, 575, 6, 2.55%, 22, 0, 17, 553.69, 15597481, 820, 274
1699383120, 2, 801, 822, 576, 6, 2.55%, 22, 0, 17, 530.62, 15600158, 821, 274
1699383125, 2, 802, 822, 575, 5, 2.55%, 22, 0, 17, 528.00, 15602724, 821, 274
1699383155, 2, 802, 825, 578, 5, 2.57%, 22, 0, 17, 508.13, 15618008, 824, 277
1699383165, 2, 802, 826, 579, 5, 2.57%, 22, 0, 17, 521.40, 15623244, 825, 277
1699383180, 2, 802, 828, 581, 5, 2.57%, 22, 0, 17, 550.95, 15631213, 827, 279
1699383191, 2, 802, 829, 582, 5, 2.58%, 22, 0, 17, 545.84, 15636723, 828, 280
1699383201, 2, 802, 830, 583, 5, 2.58%, 22, 0, 17, 531.07, 15642153, 829, 280
1699383221, 2, 803, 830, 582, 9, 2.58%, 22, 0, 17, 498.59, 15652179, 829, 280
1699383327, 2, 803, 831, 583, 9, 2.58%, 22, 0, 17, 518.44, 15704017, 830, 280
1699383348, 2, 808, 833, 584, 8, 2.58%, 22, 0, 17, 444.41, 15713187, 832, 280
1699383353, 2, 808, 835, 586, 8, 2.58%, 22, 0, 17, 425.82, 15715299, 834, 280
1699383728, 2, 808, 836, 587, 8, 2.58%, 22, 0, 17, 442.40, 15872667, 835, 280
1699383814, 2, 808, 846, 597, 8, 2.58%, 22, 0, 17, 452.09, 15908385, 845, 280
1699383819, 2, 808, 852, 603, 8, 2.58%, 22, 0, 17, 430.97, 15910476, 851, 280
1699383825, 2, 808, 854, 605, 8, 2.58%, 22, 0, 17, 429.29, 15912652, 853, 280
1699383835, 2, 808, 855, 606, 8, 2.58%, 22, 0, 17, 431.11, 15916948, 854, 280
1699383845, 2, 808, 856, 607, 8, 2.58%, 22, 0, 17, 432.35, 15921292, 855, 280
1699383850, 2, 808, 857, 608, 8, 2.58%, 22, 0, 17, 425.01, 15923412, 856, 280
1699383865, 2, 808, 859, 610, 8, 2.58%, 22, 0, 17, 423.06, 15929876, 858, 280
1699383870, 2, 818, 859, 609, 7, 2.58%, 22, 0, 17, 454.20, 15931881, 858, 280
1699383992, 2, 822, 859, 608, 6, 2.58%, 22, 0, 17, 482.23, 15989394, 858, 280
1699384047, 2, 822, 860, 609, 6, 2.58%, 22, 0, 17, 506.50, 16015843, 859, 280
1699384068, 2, 823, 860, 608, 5, 2.58%, 22, 0, 17, 457.05, 16025736, 859, 280
1699384129, 2, 824, 860, 607, 4, 2.58%, 22, 0, 17, 504.50, 16054217, 859, 280
1699384134, 2, 824, 862, 609, 4, 2.58%, 22, 0, 17, 482.13, 16056606, 861, 281
1699384189, 2, 824, 863, 610, 4, 2.58%, 22, 0, 17, 533.93, 16082716, 862, 282
1699384210, 2, 826, 863, 609, 5, 2.58%, 22, 0, 17, 504.82, 16093474, 862, 282
1699384260, 2, 828, 863, 608, 4, 2.58%, 22, 0, 17, 504.63, 16118215, 862, 282
1699384301, 2, 828, 864, 609, 4, 2.58%, 22, 0, 17, 524.18, 16138828, 863, 282
1699384321, 2, 860, 864, 608, 3, 2.58%, 22, 0, 17, 480.58, 16148882, 863, 282
1699384382, 2, 861, 864, 607, 2, 2.58%, 22, 0, 17, 487.60, 16178005, 863, 282
1699384448, 2, 862, 864, 606, 1, 2.58%, 22, 0, 17, 497.79, 16209450, 863, 282
1699384513, 2, 863, 864, 605, 0, 2.58%, 22, 0, 17, 491.98, 16241162, 863, 282
1699384569, 3, 4, 864, 604, 0, 2.58%, 22, 0, 17, 499.10, 16267937, 863, 282
1699384706, 3, 10, 864, 603, 0, 2.58%, 22, 0, 17, 493.68, 16336335, 863, 282
1699384847, 3, 15, 864, 602, 0, 2.58%, 22, 0, 17, 507.50, 16405811, 863, 282
1699384984, 3, 27, 864, 601, 0, 2.58%, 22, 0, 17, 508.94, 16473690, 863, 282
1699385121, 3, 28, 864, 600, 0, 2.58%, 22, 0, 17, 500.48, 16542061, 863, 282
1699385253, 3, 32, 864, 599, 0, 2.58%, 22, 0, 17, 528.47, 16609104, 863, 282
1699385395, 3, 33, 864, 598, 0, 2.58%, 22, 0, 17, 500.75, 16677304, 863, 282
1699385532, 3, 34, 864, 597, 0, 2.58%, 22, 0, 17, 507.63, 16745379, 863, 282
1699385669, 3, 41, 864, 596, 0, 2.58%, 22, 0, 17, 503.36, 16813665, 863, 282
1699385805, 3, 43, 864, 595, 0, 2.58%, 22, 0, 17, 490.28, 16881889, 863, 282
1699385948, 3, 48, 864, 594, 0, 2.58%, 22, 0, 17, 499.14, 16945517, 863, 282
1699386084, 3, 50, 864, 593, 0, 2.58%, 22, 0, 17, 507.18, 17014183, 863, 282
1699386221, 3, 51, 864, 592, 0, 2.58%, 22, 0, 17, 505.47, 17081033, 863, 282
1699386358, 3, 53, 864, 591, 0, 2.58%, 22, 0, 17, 495.80, 17149685, 863, 282
1699386363, 3, 55, 864, 591, 0, 2.58%, 22, 0, 17, 502.57, 17152071, 863, 282
1699386495, 3, 58, 864, 590, 0, 2.58%, 22, 0, 17, 499.59, 17218235, 863, 282
1699386641, 3, 59, 864, 589, 0, 2.58%, 22, 0, 17, 501.44, 17283123, 863, 282
1699386778, 3, 75, 864, 588, 0, 2.58%, 22, 0, 17, 510.55, 17351792, 863, 282
1699386915, 3, 79, 864, 587, 0, 2.58%, 22, 0, 17, 511.56, 17420036, 863, 282
1699387051, 3, 84, 864, 586, 0, 2.58%, 22, 0, 17, 516.76, 17488551, 863, 282
1699387188, 3, 88, 864, 585, 0, 2.58%, 22, 0, 17, 507.81, 17556698, 863, 282
1699387330, 3, 92, 864, 584, 0, 2.58%, 22, 0, 17, 483.67, 17625274, 863, 282
1699387472, 3, 95, 864, 583, 0, 2.58%, 22, 0, 17, 488.56, 17692775, 863, 282
1699387614, 3, 100, 864, 582, 0, 2.58%, 22, 0, 17, 492.66, 17760471, 863, 282
1699387619, 3, 101, 864, 582, 0, 2.58%, 22, 0, 17, 480.18, 17762761, 863, 282
1699387760, 3, 106, 864, 581, 0, 2.58%, 22, 0, 17, 482.17, 17830374, 863, 282
1699387902, 3, 107, 864, 580, 0, 2.58%, 22, 0, 17, 470.77, 17897272, 863, 282
1699387908, 3, 108, 864, 580, 0, 2.58%, 22, 0, 17, 490.93, 17899717, 863, 282
1699387918, 3, 114, 864, 579, 0, 2.58%, 22, 0, 17, 497.11, 17904639, 863, 282
1699387958, 3, 115, 864, 578, 0, 2.58%, 22, 0, 17, 519.59, 17923563, 863, 282
1699387984, 3, 123, 864, 577, 0, 2.58%, 22, 0, 17, 560.68, 17938187, 863, 282
1699388029, 3, 124, 864, 576, 0, 2.58%, 22, 0, 17, 435.06, 17960569, 863, 282
1699388146, 3, 130, 864, 575, 0, 2.58%, 22, 0, 17, 477.89, 18011042, 863, 282
1699388151, 3, 131, 864, 575, 0, 2.58%, 22, 0, 17, 502.17, 18013472, 863, 282
1699388187, 3, 132, 864, 574, 0, 2.58%, 22, 0, 17, 473.69, 18031153, 863, 282
1699388338, 3, 133, 864, 573, 0, 2.58%, 22, 0, 17, 501.46, 18099691, 863, 282
1699388374, 3, 145, 864, 572, 0, 2.58%, 22, 0, 17, 527.33, 18117286, 863, 282
1699388414, 3, 147, 864, 571, 0, 2.58%, 22, 0, 17, 491.25, 18137243, 863, 282
1699388440, 3, 148, 864, 570, 0, 2.58%, 22, 0, 17, 539.16, 18151003, 863, 282
1699388445, 3, 169, 864, 570, 0, 2.58%, 22, 0, 17, 493.06, 18153318, 863, 282
1699388490, 3, 170, 864, 569, 0, 2.58%, 22, 0, 17, 489.10, 18175073, 863, 282
1699388521, 3, 178, 864, 568, 0, 2.58%, 22, 0, 17, 485.72, 18190000, 863, 282
1699388566, 3, 181, 864, 567, 0, 2.58%, 22, 0, 17, 475.67, 18211619, 863, 282
1699388591, 3, 181, 865, 568, 0, 2.58%, 22, 0, 17, 470.97, 18223489, 864, 282
1699388611, 3, 184, 865, 567, 0, 2.58%, 22, 0, 17, 473.74, 18232921, 864, 282
1699388662, 3, 185, 865, 566, 0, 2.58%, 22, 0, 17, 474.17, 18255902, 864, 282
1699388708, 3, 187, 865, 565, 0, 2.58%, 22, 0, 17, 499.18, 18277616, 864, 282
1699388723, 3, 191, 865, 564, 0, 2.58%, 22, 0, 17, 519.74, 18285842, 864, 282
1699388875, 3, 196, 865, 563, 0, 2.58%, 22, 0, 17, 460.87, 18355080, 864, 282
1699389047, 3, 198, 865, 562, 0, 2.58%, 22, 0, 17, 469.69, 18429132, 864, 282
1699389098, 3, 216, 865, 560, 0, 2.58%, 22, 0, 17, 511.24, 18453471, 864, 282
1699389255, 3, 219, 865, 559, 0, 2.58%, 22, 0, 17, 469.14, 18523294, 864, 282
1699389260, 3, 223, 865, 559, 0, 2.58%, 22, 0, 17, 448.09, 18525446, 864, 282
1699389418, 3, 227, 865, 558, 0, 2.58%, 22, 0, 17, 483.40, 18597929, 864, 282
1699389529, 3, 229, 865, 557, 0, 2.58%, 22, 0, 17, 541.32, 18651635, 864, 282
1699389534, 3, 233, 865, 556, 0, 2.58%, 22, 0, 17, 513.70, 18654043, 864, 282
1699389580, 3, 239, 865, 555, 0, 2.58%, 22, 0, 17, 475.68, 18676383, 864, 282
1699389626, 3, 240, 865, 554, 0, 2.58%, 22, 0, 17, 436.49, 18696485, 864, 282
1699389793, 3, 241, 865, 553, 0, 2.58%, 22, 0, 17, 480.18, 18767351, 864, 282
1699389931, 3, 256, 865, 552, 0, 2.58%, 22, 0, 17, 480.34, 18833798, 864, 282
1699390047, 3, 262, 865, 551, 0, 2.58%, 22, 0, 17, 494.21, 18888537, 864, 282
1699390052, 3, 266, 865, 551, 0, 2.58%, 22, 0, 17, 443.00, 18890616, 864, 282
1699390215, 3, 278, 865, 550, 0, 2.58%, 22, 0, 17, 470.56, 18959737, 864, 282
1699390220, 3, 280, 865, 550, 0, 2.58%, 22, 0, 17, 491.48, 18962192, 864, 282
1699390260, 3, 282, 865, 549, 0, 2.58%, 22, 0, 17, 507.83, 18982395, 864, 282
1699390316, 3, 285, 865, 548, 0, 2.58%, 22, 0, 17, 504.96, 19010025, 864, 282
1699390453, 3, 290, 865, 547, 0, 2.58%, 22, 0, 17, 509.22, 19078503, 864, 282
1699390458, 3, 298, 865, 547, 0, 2.58%, 22, 0, 17, 493.64, 19080896, 864, 282
1699390595, 3, 300, 865, 546, 0, 2.58%, 22, 0, 17, 501.12, 19144835, 864, 282
1699390635, 3, 308, 865, 545, 0, 2.58%, 22, 0, 17, 517.73, 19165178, 864, 282
1699390640, 3, 326, 865, 545, 0, 2.58%, 22, 0, 17, 475.73, 19167498, 864, 282
1699390752, 3, 326, 866, 546, 0, 2.58%, 22, 0, 17, 453.46, 19217959, 865, 282
1699390757, 3, 554, 866, 545, 1, 2.58%, 22, 0, 17, 450.43, 19220158, 865, 282
1699390899, 3, 554, 866, 545, 1, 2.58%, 24, 0, 17, 462.83, 19279241, 865, 282
1699390904, 3, 766, 866, 544, 1, 2.58%, 25, 0, 17, 390.76, 19280330, 865, 282
1699391870, 3, 766, 867, 545, 1, 2.58%, 25, 0, 17, 325.38, 19593176, 866, 282
1699392028, 3, 766, 868, 546, 1, 2.58%, 25, 0, 17, 359.87, 19642982, 867, 282
1699392048, 3, 766, 869, 547, 1, 2.58%, 25, 0, 17, 360.19, 19650241, 868, 282
1699392053, 3, 766, 871, 549, 1, 2.58%, 25, 0, 17, 356.52, 19651998, 870, 282
1699392063, 3, 766, 872, 550, 1, 2.58%, 25, 0, 17, 359.02, 19655610, 871, 282
1699392073, 3, 865, 872, 549, 1, 2.58%, 25, 0, 17, 407.78, 19659333, 871, 282
1699392124, 3, 866, 872, 548, 0, 2.58%, 25, 0, 17, 492.84, 19682921, 871, 282
1699392575, 3, 869, 872, 547, 0, 2.58%, 25, 0, 17, 250.27, 19853183, 871, 282
1699393677, 3, 869, 873, 548, 0, 2.58%, 25, 0, 17, 204.60, 20068772, 872, 282
1699399025, 3, 869, 874, 549, 0, 2.58%, 25, 0, 17, 202.87, 21128907, 873, 282
1699399050, 4, 5, 874, 548, 0, 2.58%, 25, 0, 17, 396.45, 21135005, 873, 282
1699399188, 4, 7, 874, 547, 0, 2.58%, 25, 0, 17, 504.41, 21203513, 873, 282
1699399325, 4, 8, 874, 546, 0, 2.58%, 25, 0, 17, 506.05, 21271799, 873, 282
1699399457, 4, 11, 874, 545, 0, 2.58%, 25, 0, 17, 517.61, 21337876, 873, 282
1699399593, 4, 14, 874, 544, 0, 2.58%, 25, 0, 17, 505.47, 21406426, 873, 282
1699399598, 4, 23, 874, 544, 0, 2.58%, 25, 0, 17, 467.08, 21408576, 873, 282
1699399746, 4, 43, 874, 543, 0, 2.58%, 25, 0, 17, 506.91, 21475228, 873, 282
1699399751, 4, 44, 874, 543, 0, 2.58%, 25, 0, 17, 484.48, 21477522, 873, 282
1699399887, 4, 45, 874, 542, 0, 2.58%, 25, 0, 17, 472.23, 21545185, 873, 282
1699400029, 4, 63, 874, 541, 0, 2.58%, 25, 0, 17, 460.27, 21613439, 873, 282
1699400181, 4, 77, 874, 540, 0, 2.58%, 25, 0, 17, 552.46, 21682926, 873, 282
1699400221, 4, 86, 874, 539, 0, 2.58%, 25, 0, 17, 553.39, 21704809, 873, 282
1699400277, 4, 91, 874, 538, 0, 2.58%, 25, 0, 17, 520.50, 21733871, 873, 282
1699400403, 4, 98, 874, 537, 0, 2.58%, 25, 0, 17, 533.76, 21801934, 873, 282
1699400540, 4, 104, 874, 536, 0, 2.58%, 25, 0, 17, 509.46, 21871712, 873, 282
1699400672, 4, 109, 874, 535, 0, 2.58%, 25, 0, 17, 534.41, 21938321, 873, 282
1699400703, 4, 110, 874, 534, 0, 2.58%, 25, 0, 17, 539.77, 21956744, 873, 282
1699400743, 4, 125, 874, 533, 0, 2.58%, 25, 0, 17, 492.72, 21978419, 873, 282
1699400768, 4, 162, 874, 532, 0, 2.58%, 25, 0, 17, 543.86, 21991111, 873, 282
1699400814, 4, 166, 874, 531, 0, 2.58%, 25, 0, 17, 562.50, 22015715, 873, 282
1699400819, 4, 168, 874, 531, 0, 2.58%, 25, 0, 17, 513.88, 22018197, 873, 282
1699400859, 4, 171, 874, 530, 0, 2.58%, 25, 0, 17, 542.41, 22039015, 873, 282
1699400885, 4, 177, 874, 529, 0, 2.58%, 25, 0, 17, 565.06, 22052796, 873, 282
1699400910, 4, 183, 874, 528, 0, 2.58%, 25, 0, 17, 568.21, 22066857, 873, 282
1699400940, 4, 189, 874, 527, 0, 2.58%, 25, 0, 17, 542.74, 22083411, 873, 282
1699400976, 4, 192, 874, 526, 0, 2.58%, 25, 0, 17, 550.26, 22102641, 873, 282
1699401011, 4, 202, 874, 525, 0, 2.58%, 25, 0, 17, 532.22, 22121631, 873, 282
1699401047, 4, 203, 874, 524, 0, 2.58%, 25, 0, 17, 528.94, 22140530, 873, 282
1699401189, 4, 207, 874, 523, 0, 2.58%, 25, 0, 17, 502.41, 22210463, 873, 282
1699401224, 4, 207, 875, 524, 0, 2.58%, 25, 0, 17, 501.35, 22229522, 874, 282
1699401229, 4, 210, 875, 523, 0, 2.58%, 25, 0, 17, 511.91, 22232033, 874, 282
1699401270, 4, 228, 875, 522, 0, 2.58%, 25, 0, 17, 537.58, 22253573, 874, 282
1699401275, 4, 243, 875, 522, 0, 2.58%, 25, 0, 17, 543.64, 22256237, 874, 282
1699401411, 4, 247, 875, 521, 0, 2.58%, 25, 0, 17, 508.53, 22326708, 874, 282
1699401441, 4, 248, 875, 520, 0, 2.58%, 25, 0, 17, 503.94, 22341999, 874, 282
1699401568, 4, 260, 875, 519, 0, 2.58%, 25, 0, 17, 508.42, 22402582, 874, 282
1699401709, 4, 271, 875, 518, 0, 2.58%, 25, 0, 17, 512.09, 22473541, 874, 282
1699401791, 4, 281, 875, 517, 0, 2.58%, 25, 0, 17, 504.89, 22509487, 874, 282
1699401796, 4, 296, 875, 517, 0, 2.58%, 25, 0, 17, 512.00, 22512069, 874, 282
1699401801, 4, 314, 875, 517, 0, 2.58%, 25, 0, 17, 530.35, 22514679, 874, 282
1699401856, 4, 328, 876, 517, 0, 2.58%, 25, 0, 17, 547.68, 22543680, 875, 282
1699401861, 4, 330, 877, 518, 0, 2.58%, 25, 0, 17, 477.38, 22545903, 876, 282
1699401973, 4, 334, 877, 517, 0, 2.58%, 25, 0, 17, 491.37, 22600347, 876, 282
1699402019, 4, 335, 877, 516, 0, 2.58%, 25, 0, 17, 505.95, 22623072, 876, 282
1699402064, 4, 337, 877, 515, 0, 2.58%, 25, 0, 17, 532.59, 22645964, 876, 282
1699402125, 4, 338, 877, 514, 0, 2.58%, 25, 0, 17, 532.86, 22678519, 876, 282
1699402171, 4, 339, 877, 513, 0, 2.58%, 25, 0, 17, 546.55, 22702876, 876, 282
1699402206, 4, 346, 877, 512, 0, 2.58%, 25, 0, 17, 553.97, 22722033, 876, 282
1699402272, 4, 369, 877, 511, 0, 2.58%, 25, 0, 17, 528.12, 22755086, 876, 282
1699402398, 4, 371, 877, 510, 0, 2.58%, 25, 0, 17, 504.83, 22819130, 876, 282
1699402489, 4, 377, 877, 509, 0, 2.58%, 25, 0, 17, 527.83, 22859276, 876, 282
1699402494, 4, 382, 877, 509, 0, 2.58%, 25, 0, 17, 545.70, 22861992, 876, 282
1699402550, 4, 391, 877, 508, 0, 2.58%, 25, 0, 17, 538.79, 22891766, 876, 282
1699402555, 4, 393, 877, 508, 0, 2.58%, 25, 0, 17, 506.00, 22894180, 876, 282
1699402692, 4, 398, 877, 507, 0, 2.58%, 25, 0, 17, 563.64, 22962917, 876, 282
1699402697, 4, 403, 877, 507, 0, 2.58%, 25, 0, 17, 548.61, 22965649, 876, 282
1699402702, 4, 406, 877, 507, 0, 2.58%, 25, 0, 17, 469.27, 22967864, 876, 282
1699402824, 4, 407, 877, 506, 0, 2.58%, 25, 0, 17, 487.57, 23021798, 876, 282
1699402895, 4, 416, 877, 505, 0, 2.58%, 25, 0, 17, 492.44, 23055084, 876, 282
1699402950, 4, 416, 878, 506, 0, 2.58%, 25, 0, 17, 470.13, 23080282, 877, 282
1699402960, 4, 417, 878, 505, 0, 2.58%, 25, 0, 17, 469.31, 23085134, 877, 282
1699403102, 4, 422, 878, 504, 0, 2.58%, 25, 0, 17, 507.50, 23153463, 877, 282
1699403153, 4, 422, 879, 505, 0, 2.58%, 25, 0, 17, 501.25, 23179574, 878, 282
1699403163, 4, 424, 879, 504, 0, 2.58%, 25, 0, 17, 536.99, 23184948, 878, 282
1699403214, 4, 424, 880, 505, 0, 2.58%, 25, 0, 17, 551.67, 23211238, 879, 282
1699403219, 4, 431, 880, 504, 0, 2.58%, 25, 0, 17, 493.15, 23213628, 879, 282
1699403265, 4, 434, 880, 503, 0, 2.58%, 25, 0, 17, 531.57, 23235790, 879, 282
1699403270, 4, 440, 880, 503, 0, 2.58%, 25, 0, 17, 520.47, 23238250, 879, 282
1699403320, 4, 453, 880, 502, 0, 2.58%, 25, 0, 17, 569.65, 23264960, 879, 282
1699403361, 4, 454, 880, 501, 0, 2.58%, 25, 0, 17, 552.45, 23287386, 879, 282
1699403366, 4, 463, 880, 501, 0, 2.58%, 25, 0, 17, 571.24, 23290279, 879, 282
1699403371, 4, 478, 880, 501, 0, 2.58%, 25, 0, 17, 512.95, 23292689, 879, 282
1699403488, 4, 481, 880, 500, 0, 2.58%, 25, 0, 17, 542.99, 23351997, 879, 282
1699403493, 4, 483, 880, 500, 0, 2.58%, 25, 0, 17, 524.82, 23354475, 879, 282
1699403554, 4, 492, 880, 499, 0, 2.58%, 25, 0, 17, 543.22, 23386502, 879, 282
1699403619, 4, 497, 880, 498, 0, 2.58%, 25, 0, 17, 564.20, 23421310, 879, 282
1699403624, 4, 502, 880, 498, 0, 2.58%, 25, 0, 17, 529.84, 23423910, 879, 282
1699403680, 4, 502, 881, 499, 0, 2.58%, 25, 0, 17, 498.01, 23449441, 880, 282
1699403685, 4, 515, 881, 498, 0, 2.58%, 25, 0, 17, 486.99, 23451812, 880, 282
1699403821, 4, 523, 881, 497, 0, 2.58%, 25, 0, 17, 534.69, 23516765, 880, 282
1699403826, 4, 533, 882, 498, 0, 2.58%, 25, 0, 17, 516.65, 23519267, 881, 282
1699403938, 4, 534, 882, 497, 0, 2.58%, 25, 0, 17, 479.47, 23571882, 881, 282
1699404054, 4, 536, 882, 496, 0, 2.58%, 25, 0, 17, 453.59, 23625894, 881, 282
1699404176, 4, 538, 883, 496, 0, 2.58%, 25, 0, 17, 490.63, 23678917, 882, 282
1699404313, 4, 543, 883, 495, 0, 2.58%, 25, 0, 17, 505.39, 23742408, 882, 282
1699404318, 4, 555, 883, 495, 0, 2.58%, 25, 0, 17, 459.46, 23744556, 882, 282
1699404480, 4, 555, 885, 497, 0, 2.58%, 25, 0, 17, 474.49, 23813110, 884, 282
1699404505, 4, 557, 885, 496, 0, 2.58%, 25, 0, 17, 450.07, 23825020, 884, 282
1699404672, 4, 567, 885, 495, 0, 2.58%, 25, 0, 17, 562.47, 23899962, 884, 282
1699404819, 4, 567, 886, 496, 0, 2.58%, 25, 0, 17, 523.31, 23966724, 885, 282
1699404824, 4, 568, 886, 495, 0, 2.58%, 25, 0, 17, 499.33, 23969223, 885, 282
1699404829, 4, 575, 886, 495, 0, 2.58%, 25, 0, 17, 536.01, 23972090, 885, 282
1699404834, 4, 576, 886, 495, 0, 2.58%, 25, 0, 17, 529.06, 23974756, 885, 282
1699404890, 4, 577, 887, 495, 0, 2.58%, 25, 0, 17, 548.10, 24003386, 886, 282
1699404895, 4, 730, 887, 495, 1, 2.58%, 25, 0, 17, 403.86, 24004689, 886, 282
1699430785, 4, 796, 887, 494, 1, 2.58%, 25, 0, 17, 266.41, 30533756, 886, 282
1699432108, 4, 836, 887, 493, 1, 2.58%, 25, 0, 17, 318.76, 30948060, 886, 282
1699437162, 4, 886, 887, 492, 1, 2.58%, 25, 0, 17, 425.85, 32388725, 886, 282
1699437228, 4, 886, 887, 492, 1, 2.58%, 26, 0, 17, 511.11, 32418112, 886, 282
1699437253, 5, 1, 887, 491, 0, 2.58%, 26, 0, 17, 445.36, 32430116, 886, 282
1699437313, 5, 2, 887, 490, 0, 2.58%, 26, 0, 17, 436.05, 32458426, 886, 282
1699437470, 5, 6, 887, 489, 0, 2.58%, 26, 0, 17, 389.02, 32520034, 886, 282
1699437551, 5, 22, 887, 488, 0, 2.58%, 26, 0, 17, 448.06, 32553867, 886, 282
1699437723, 5, 30, 887, 487, 0, 2.58%, 26, 0, 17, 420.42, 32622992, 886, 282
1699437784, 5, 47, 887, 486, 0, 2.58%, 26, 0, 17, 441.14, 32648816, 886, 282
1699437976, 5, 49, 887, 485, 0, 2.58%, 26, 0, 17, 259.38, 32711667, 886, 282
1699438068, 5, 56, 887, 484, 0, 2.58%, 26, 0, 17, 456.17, 32743827, 886, 282
1699438073, 5, 64, 887, 484, 0, 2.58%, 26, 0, 17, 455.47, 32746081, 886, 282
1699438139, 5, 68, 887, 483, 0, 2.58%, 26, 0, 17, 425.39, 32774457, 886, 282
1699438291, 5, 69, 887, 482, 0, 2.58%, 26, 0, 17, 434.00, 32835795, 886, 282
1699438296, 5, 70, 887, 482, 0, 2.58%, 26, 0, 17, 412.23, 32837747, 886, 282
1699438442, 5, 71, 887, 481, 0, 2.58%, 26, 0, 17, 437.69, 32898800, 886, 282
1699438589, 5, 71, 888, 482, 0, 2.58%, 26, 0, 17, 443.38, 32959195, 887, 282
1699438594, 5, 82, 888, 481, 0, 2.58%, 26, 0, 17, 461.84, 32961496, 887, 282
1699438599, 5, 99, 888, 481, 0, 2.58%, 26, 0, 17, 430.71, 32963548, 887, 282
1699438731, 5, 111, 888, 480, 0, 2.58%, 26, 0, 17, 416.09, 33014563, 887, 282
1699438762, 5, 136, 888, 479, 0, 2.58%, 26, 0, 17, 463.82, 33030096, 887, 282
1699438899, 5, 137, 888, 478, 0, 2.58%, 26, 0, 17, 491.80, 33089056, 887, 282
1699438919, 5, 138, 888, 477, 0, 2.58%, 26, 0, 17, 487.54, 33099903, 887, 282
1699438945, 5, 141, 888, 476, 0, 2.58%, 26, 0, 17, 493.93, 33111654, 887, 282
1699438985, 5, 142, 888, 475, 0, 2.58%, 26, 0, 17, 468.52, 33130940, 887, 282
1699439036, 5, 151, 888, 474, 0, 2.58%, 26, 0, 17, 482.28, 33153119, 887, 282
1699439081, 5, 156, 888, 473, 0, 2.58%, 26, 0, 17, 472.76, 33174626, 887, 282
1699439127, 5, 160, 888, 472, 0, 2.58%, 26, 0, 17, 463.45, 33196918, 887, 282
1699439163, 5, 186, 888, 471, 0, 2.58%, 26, 0, 17, 502.79, 33214247, 887, 282
1699439341, 5, 188, 888, 470, 0, 2.58%, 26, 0, 17, 429.71, 33283597, 887, 282
1699439386, 5, 194, 888, 469, 0, 2.58%, 26, 0, 17, 443.91, 33304152, 887, 282
1699439392, 5, 201, 888, 469, 0, 2.58%, 26, 0, 17, 472.65, 33306503, 887, 282
1699439432, 5, 206, 888, 468, 0, 2.58%, 26, 0, 17, 556.69, 33327650, 887, 282
1699439437, 5, 211, 888, 468, 0, 2.58%, 26, 0, 17, 479.78, 33329877, 887, 282
1699439594, 5, 219, 888, 467, 0, 2.58%, 26, 0, 17, 436.42, 33400591, 887, 282
1699439600, 5, 225, 888, 467, 0, 2.58%, 26, 0, 17, 460.61, 33402920, 887, 282
1699439640, 5, 235, 888, 466, 0, 2.58%, 26, 0, 17, 431.91, 33421079, 887, 282
1699439681, 5, 245, 888, 465, 0, 2.58%, 26, 0, 17, 405.56, 33440384, 887, 282
1699439808, 5, 249, 888, 464, 0, 2.58%, 26, 0, 17, 419.91, 33487906, 887, 282
1699439884, 5, 259, 888, 463, 0, 2.58%, 26, 0, 17, 399.60, 33518962, 887, 282
1699440077, 5, 261, 888, 462, 0, 2.58%, 26, 0, 17, 576.34, 33603853, 887, 282
1699440097, 5, 262, 888, 461, 0, 2.58%, 26, 0, 17, 628.94, 33616111, 887, 282
1699440102, 5, 263, 888, 461, 0, 2.58%, 26, 0, 17, 626.31, 33619135, 887, 282
1699440143, 5, 267, 888, 460, 0, 2.58%, 26, 0, 17, 578.20, 33643526, 887, 282
1699440148, 5, 267, 890, 462, 0, 2.58%, 26, 0, 17, 527.30, 33646097, 889, 282
1699440275, 5, 493, 890, 461, 1, 2.58%, 26, 0, 17, 584.29, 33712954, 889, 282
1699440316, 5, 661, 890, 460, 1, 2.58%, 26, 0, 17, 607.95, 33737865, 889, 282
1699440321, 5, 754, 890, 460, 1, 2.58%, 26, 0, 17, 423.63, 33738589, 889, 282
1699442025, 5, 754, 892, 462, 1, 2.58%, 26, 0, 17, 358.58, 34335678, 891, 282
1699442030, 5, 754, 893, 463, 1, 2.58%, 26, 0, 17, 354.62, 34337463, 892, 282
1699442061, 5, 754, 894, 464, 1, 2.58%, 26, 0, 17, 361.90, 34348103, 893, 282
1699442091, 5, 888, 894, 463, 1, 2.58%, 26, 0, 17, 381.63, 34358917, 893, 282
1699442111, 5, 888, 895, 464, 1, 2.58%, 26, 0, 17, 514.34, 34368854, 894, 282
1699442223, 5, 891, 895, 463, 0, 2.58%, 26, 0, 17, 393.92, 34424463, 894, 282
1699442274, 5, 891, 896, 464, 0, 2.58%, 26, 0, 17, 338.72, 34441630, 895, 282
1699442462, 5, 891, 897, 465, 0, 2.58%, 26, 0, 17, 374.30, 34509618, 896, 282
1699443555, 5, 891, 898, 466, 0, 2.58%, 26, 0, 17, 378.85, 34907554, 897, 282
1699443794, 5, 891, 900, 468, 0, 2.58%, 26, 0, 17, 372.54, 34996737, 899, 282
1699443829, 5, 891, 901, 469, 0, 2.58%, 26, 0, 17, 362.88, 35010051, 900, 282
1699443864, 5, 891, 905, 473, 0, 2.58%, 26, 0, 17, 360.07, 35023418, 904, 282
1699443869, 5, 891, 906, 474, 0, 2.58%, 26, 0, 17, 365.59, 35025259, 905, 282
1699443874, 5, 891, 909, 477, 0, 2.58%, 26, 0, 17, 368.49, 35027079, 908, 283
1699443885, 5, 891, 910, 478, 0, 2.58%, 26, 0, 17, 363.08, 35030866, 909, 283
1699443890, 5, 891, 911, 479, 0, 2.58%, 26, 0, 17, 364.49, 35032693, 910, 283
1699443900, 5, 891, 912, 480, 0, 2.58%, 26, 0, 17, 355.33, 35036291, 911, 283
1699443905, 5, 891, 913, 481, 0, 2.58%, 26, 0, 17, 363.26, 35038118, 912, 283
1699443915, 5, 908, 913, 480, 1, 2.58%, 26, 0, 17, 364.69, 35041387, 912, 283
1699443951, 5, 908, 914, 481, 1, 2.58%, 26, 0, 17, 387.39, 35054058, 913, 283
1699443976, 5, 908, 915, 482, 1, 2.58%, 26, 0, 17, 391.14, 35063837, 914, 283
1699444839, 5, 908, 916, 483, 1, 2.58%, 26, 0, 17, 395.31, 35401814, 915, 283
1699444916, 5, 908, 917, 484, 1, 2.58%, 26, 0, 17, 383.60, 35431940, 916, 283
1699445108, 5, 908, 918, 485, 1, 2.58%, 26, 0, 17, 368.46, 35507561, 917, 283
1699445200, 5, 908, 919, 486, 1, 2.58%, 26, 0, 17, 382.97, 35543807, 918, 283
1699445215, 5, 908, 925, 492, 1, 2.58%, 26, 0, 17, 397.69, 35549627, 924, 283
1699445220, 5, 908, 926, 493, 1, 2.58%, 26, 0, 17, 407.73, 35551704, 925, 283
1699445225, 5, 908, 929, 496, 1, 2.58%, 26, 0, 17, 408.19, 35553728, 928, 283
1699445241, 5, 908, 930, 497, 1, 2.58%, 26, 0, 17, 388.47, 35559854, 929, 283
1699445251, 5, 908, 931, 498, 1, 2.58%, 26, 0, 17, 413.70, 35563944, 930, 283
1699445256, 5, 908, 932, 499, 1, 2.58%, 26, 0, 17, 410.19, 35566008, 931, 283
1699445266, 5, 908, 934, 501, 1, 2.58%, 26, 0, 17, 406.53, 35570120, 933, 283
1699445276, 5, 916, 934, 500, 1, 2.58%, 26, 0, 17, 380.33, 35572767, 933, 283
1699446616, 5, 924, 934, 499, 0, 2.58%, 26, 0, 17, 394.85, 36097132, 933, 283
1699447851, 5, 924, 935, 500, 0, 2.58%, 26, 0, 17, 418.36, 36589798, 934, 283
1699447872, 5, 924, 936, 501, 0, 2.58%, 26, 0, 17, 417.41, 36598118, 935, 283
1699447887, 5, 925, 936, 500, 0, 2.58%, 26, 0, 17, 410.89, 36604053, 935, 283
1699449260, 5, 925, 937, 501, 0, 2.58%, 26, 0, 17, 389.51, 37138246, 936, 283
1699449387, 5, 925, 938, 502, 0, 2.58%, 26, 0, 17, 419.98, 37189544, 937, 283
1699449392, 5, 925, 939, 503, 0, 2.58%, 26, 0, 17, 415.26, 37191688, 938, 283
1699449397, 5, 925, 940, 504, 0, 2.58%, 26, 0, 17, 429.01, 37193840, 939, 283
1699449423, 5, 925, 943, 507, 0, 2.58%, 26, 0, 17, 399.24, 37204188, 942, 283
1699449428, 5, 925, 944, 508, 0, 2.58%, 26, 0, 17, 401.76, 37206272, 943, 283
1699449448, 5, 926, 944, 507, 0, 2.58%, 26, 0, 17, 387.33, 37213391, 943, 283
1699451626, 5, 926, 945, 508, 0, 2.58%, 26, 0, 17, 363.29, 37998636, 944, 283
1699451637, 5, 926, 946, 509, 0, 2.58%, 26, 0, 17, 374.47, 38002535, 945, 283
1699451647, 5, 926, 947, 510, 0, 2.58%, 26, 0, 17, 366.59, 38006329, 946, 283
1699451657, 5, 926, 949, 512, 0, 2.58%, 26, 0, 17, 347.17, 38009868, 948, 283
1699451672, 5, 926, 950, 513, 0, 2.58%, 26, 0, 17, 357.18, 38015324, 949, 283
1699451677, 5, 927, 950, 512, 0, 2.58%, 26, 0, 17, 358.36, 38016899, 949, 283
1699455814, 5, 927, 951, 513, 0, 2.58%, 26, 0, 17, 281.63, 39156624, 950, 283
1699455962, 5, 927, 952, 514, 0, 2.58%, 26, 0, 17, 294.24, 39197879, 951, 283
1699455992, 5, 927, 953, 515, 0, 2.58%, 26, 0, 17, 290.70, 39206744, 952, 283
1699456018, 5, 930, 953, 514, 0, 2.58%, 26, 0, 17, 315.77, 39213040, 952, 283
1699458174, 5, 930, 954, 515, 0, 2.58%, 26, 0, 17, 347.32, 39953684, 953, 283
1699458215, 5, 930, 955, 516, 0, 2.58%, 26, 0, 17, 356.50, 39967982, 954, 283
1699458231, 5, 935, 955, 515, 0, 2.58%, 26, 0, 17, 453.83, 39973304, 954, 283
1699458408, 5, 935, 957, 517, 0, 2.58%, 26, 0, 17, 562.24, 40067694, 956, 283
1699458433, 5, 935, 958, 518, 0, 2.58%, 26, 0, 17, 558.62, 40082060, 957, 283
1699458449, 5, 939, 958, 517, 0, 2.58%, 26, 0, 17, 463.12, 40089288, 957, 283
1699460381, 5, 939, 959, 518, 0, 2.58%, 26, 0, 17, 366.42, 40781684, 958, 283
1699460411, 5, 939, 960, 519, 0, 2.58%, 26, 0, 17, 388.74, 40793059, 959, 283
1699460431, 5, 941, 960, 518, 0, 2.58%, 26, 0, 17, 334.35, 40799994, 959, 283
1699464251, 5, 941, 963, 521, 0, 2.58%, 26, 0, 17, 305.34, 41968917, 962, 283
1699464256, 5, 941, 964, 522, 0, 2.58%, 26, 0, 17, 309.96, 41970459, 963, 283
1699464261, 5, 941, 965, 523, 0, 2.58%, 26, 0, 17, 324.18, 41972103, 964, 283
1699464266, 5, 941, 966, 524, 0, 2.58%, 26, 0, 17, 325.52, 41973783, 965, 283
1699464271, 5, 941, 967, 525, 0, 2.58%, 26, 0, 17, 320.27, 41975415, 966, 283
1699464306, 5, 946, 967, 524, 0, 2.58%, 26, 0, 17, 297.43, 41986310, 966, 283
1699471874, 5, 946, 968, 525, 0, 2.59%, 26, 0, 17, 231.11, 43795297, 967, 284
1699471977, 5, 946, 970, 527, 0, 2.59%, 26, 0, 17, 243.31, 43820119, 969, 284
1699471992, 5, 946, 971, 528, 0, 2.59%, 26, 0, 17, 250.75, 43823923, 970, 284
1699472003, 5, 946, 972, 529, 0, 2.59%, 26, 0, 17, 237.96, 43826439, 971, 284
1699472028, 5, 946, 973, 530, 0, 2.59%, 26, 0, 17, 249.27, 43832587, 972, 284
1699472043, 5, 948, 973, 529, 1, 2.59%, 26, 0, 17, 295.70, 43835734, 972, 284
1699474117, 5, 948, 975, 531, 1, 2.59%, 26, 0, 17, 327.75, 44558664, 974, 284
1699474122, 5, 948, 976, 532, 1, 2.59%, 26, 0, 17, 332.92, 44560320, 975, 284
1699474142, 5, 948, 977, 533, 1, 2.59%, 26, 0, 17, 345.95, 44567196, 976, 284
1699474168, 5, 967, 977, 532, 1, 2.59%, 26, 0, 17, 271.74, 44575433, 976, 284
1699483422, 5, 967, 978, 533, 1, 2.59%, 26, 0, 17, 196.36, 46324711, 977, 284
1699483571, 5, 967, 979, 534, 1, 2.59%, 26, 0, 17, 187.07, 46352770, 978, 284
1699483597, 5, 967, 980, 535, 1, 2.59%, 26, 0, 17, 189.83, 46357660, 979, 284
1699483679, 5, 968, 980, 534, 0, 2.59%, 26, 0, 17, 172.79, 46373052, 979, 284
